# t(s), PGD_base(m), Drift_abs(m), Drift_norm(mm/m), Prob(%)
12.210, 0.000000e+00, 0.000000e+00, 0.00, 0.00
12.215, 5.369886e-08, 2.552582e-07, 0.00, 0.00
12.220, 5.369886e-08, 2.552582e-07, 0.00, 0.00
12.225, 2.331658e-07, 2.552582e-07, 0.00, 0.00
12.230, 5.601837e-07, 2.552582e-07, 0.00, 0.00
12.235, 7.838350e-07, 3.607079e-07, 0.00, 0.00
12.240, 7.866132e-07, 3.607079e-07, 0.00, 0.00
12.245, 7.866132e-07, 3.607079e-07, 0.00, 0.00
12.250, 7.866132e-07, 3.607079e-07, 0.00, 0.00
12.255, 7.866132e-07, 5.767914e-07, 0.00, 0.00
12.260, 7.866132e-07, 7.578857e-07, 0.00, 0.00
12.265, 7.866132e-07, 7.831416e-07, 0.00, 0.00
12.270, 7.866132e-07, 7.831416e-07, 0.00, 0.00
12.275, 7.866132e-07, 7.831416e-07, 0.00, 0.00
12.280, 7.866132e-07, 7.831416e-07, 0.00, 0.00
12.285, 1.148871e-06, 7.831416e-07, 0.00, 0.00
12.290, 1.415694e-06, 8.049872e-07, 0.00, 0.00
12.295, 1.415694e-06, 8.049872e-07, 0.00, 0.00
12.300, 1.415694e-06, 8.049872e-07, 0.00, 0.00
12.305, 1.415694e-06, 8.049872e-07, 0.00, 0.00
12.310, 1.415694e-06, 8.049872e-07, 0.00, 0.00
12.315, 1.415694e-06, 8.049872e-07, 0.00, 0.00
12.320, 1.415694e-06, 8.049872e-07, 0.00, 0.00
12.325, 1.415694e-06, 8.049872e-07, 0.00, 0.00
12.330, 1.415694e-06, 8.049872e-07, 0.00, 0.00
12.335, 1.415694e-06, 8.049872e-07, 0.00, 0.00
12.340, 1.415694e-06, 8.049872e-07, 0.00, 0.00
12.345, 1.415694e-06, 8.049872e-07, 0.00, 0.00
12.350, 1.415694e-06, 8.049872e-07, 0.00, 0.00
12.355, 1.415694e-06, 8.049872e-07, 0.00, 0.00
12.360, 1.415694e-06, 8.049872e-07, 0.00, 0.00
12.365, 1.415694e-06, 9.940562e-07, 0.00, 0.00
12.370, 1.415694e-06, 1.307749e-06, 0.00, 0.00
12.375, 1.415694e-06, 1.386046e-06, 0.00, 0.00
12.380, 1.415694e-06, 1.386046e-06, 0.00, 0.00
12.385, 1.415694e-06, 1.424262e-06, 0.00, 0.00
12.390, 1.415694e-06, 1.608488e-06, 0.00, 0.00
12.395, 1.415694e-06, 1.657441e-06, 0.00, 0.00
12.400, 1.415694e-06, 1.657441e-06, 0.00, 0.00
12.405, 1.415694e-06, 1.674251e-06, 0.00, 0.00
12.410, 1.415694e-06, 1.674251e-06, 0.00, 0.00
12.415, 1.415694e-06, 1.674251e-06, 0.00, 0.00
12.420, 1.415694e-06, 1.674251e-06, 0.00, 0.00
12.425, 1.415694e-06, 1.674251e-06, 0.00, 0.00
12.430, 1.415694e-06, 1.674251e-06, 0.00, 0.00
12.435, 1.415694e-06, 1.674251e-06, 0.00, 0.00
12.440, 1.415694e-06, 1.674251e-06, 0.00, 0.00
12.445, 1.415694e-06, 1.674251e-06, 0.00, 0.00
12.450, 1.415694e-06, 1.674251e-06, 0.00, 0.00
12.455, 1.415694e-06, 1.674251e-06, 0.00, 0.00
12.460, 1.415694e-06, 1.674251e-06, 0.00, 0.00
12.465, 1.415694e-06, 1.674251e-06, 0.00, 0.00
12.470, 1.415694e-06, 1.674251e-06, 0.00, 0.00
12.475, 1.415694e-06, 1.674251e-06, 0.00, 0.00
12.480, 1.415694e-06, 1.674251e-06, 0.00, 0.00
12.485, 1.415694e-06, 1.674251e-06, 0.00, 0.00
12.490, 1.415694e-06, 1.674251e-06, 0.00, 0.00
12.495, 1.415694e-06, 1.674251e-06, 0.00, 0.00
12.500, 1.415694e-06, 1.674251e-06, 0.00, 0.00
12.505, 1.415694e-06, 1.674251e-06, 0.00, 0.00
12.510, 1.415694e-06, 1.911933e-06, 0.00, 0.00
12.515, 1.415694e-06, 2.038301e-06, 0.00, 0.00
12.520, 1.415694e-06, 2.065791e-06, 0.00, 0.00
12.525, 1.415694e-06, 2.065791e-06, 0.00, 0.00
12.530, 1.415694e-06, 2.065791e-06, 0.00, 0.00
12.535, 1.415694e-06, 2.065791e-06, 0.00, 0.00
12.540, 1.415694e-06, 2.065791e-06, 0.00, 0.00
12.545, 1.415694e-06, 2.065791e-06, 0.00, 0.00
12.550, 1.415694e-06, 2.065791e-06, 0.00, 0.00
12.555, 1.415694e-06, 2.065791e-06, 0.00, 0.00
12.560, 1.415694e-06, 2.065791e-06, 0.00, 0.00
12.565, 1.415694e-06, 2.065791e-06, 0.00, 0.00
12.570, 1.415694e-06, 2.065791e-06, 0.00, 0.00
12.575, 1.415694e-06, 2.065791e-06, 0.00, 0.00
12.580, 1.415694e-06, 2.065791e-06, 0.00, 0.00
12.585, 1.600985e-06, 2.065791e-06, 0.00, 0.00
12.590, 2.011836e-06, 2.065791e-06, 0.00, 0.00
12.595, 2.368220e-06, 2.067741e-06, 0.00, 0.00
12.600, 2.568722e-06, 2.210986e-06, 0.00, 0.00
12.605, 2.622107e-06, 2.280726e-06, 0.00, 0.00
12.610, 2.622107e-06, 2.352501e-06, 0.00, 0.00
12.615, 2.622107e-06, 2.384069e-06, 0.00, 0.00
12.620, 2.622107e-06, 2.384069e-06, 0.00, 0.00
12.625, 2.622107e-06, 2.407097e-06, 0.00, 0.00
12.630, 2.622107e-06, 2.407097e-06, 0.00, 0.00
12.635, 2.622107e-06, 2.407097e-06, 0.00, 0.00
12.640, 2.622107e-06, 2.407097e-06, 0.00, 0.00
12.645, 2.622107e-06, 2.407097e-06, 0.00, 0.00
12.650, 2.622107e-06, 2.407097e-06, 0.00, 0.00
12.655, 2.622107e-06, 2.407097e-06, 0.00, 0.00
12.660, 2.622107e-06, 2.407097e-06, 0.00, 0.00
12.665, 2.622107e-06, 2.407097e-06, 0.00, 0.00
12.670, 2.622107e-06, 2.870905e-06, 0.00, 0.00
12.675, 2.622107e-06, 3.366837e-06, 0.00, 0.00
12.680, 2.622107e-06, 3.698794e-06, 0.00, 0.00
12.685, 2.622107e-06, 3.835130e-06, 0.00, 0.00
12.690, 2.622107e-06, 3.865015e-06, 0.00, 0.00
12.695, 2.622107e-06, 3.939056e-06, 0.00, 0.00
12.700, 2.622107e-06, 3.984022e-06, 0.00, 0.00
12.705, 2.622107e-06, 3.984022e-06, 0.00, 0.00
12.710, 2.622107e-06, 3.984022e-06, 0.00, 0.00
12.715, 2.622107e-06, 3.984022e-06, 0.00, 0.00
12.720, 2.622107e-06, 3.984022e-06, 0.00, 0.00
12.725, 2.622107e-06, 3.984022e-06, 0.00, 0.00
12.730, 2.622107e-06, 3.984022e-06, 0.00, 0.00
12.735, 2.622107e-06, 3.984022e-06, 0.00, 0.00
12.740, 2.622107e-06, 3.984022e-06, 0.00, 0.00
12.745, 2.622107e-06, 3.984022e-06, 0.00, 0.00
12.750, 2.622107e-06, 3.984022e-06, 0.00, 0.00
12.755, 2.622107e-06, 3.984022e-06, 0.00, 0.00
12.760, 2.622107e-06, 3.984022e-06, 0.00, 0.00
12.765, 2.622107e-06, 3.984022e-06, 0.00, 0.00
12.770, 2.622107e-06, 3.984022e-06, 0.00, 0.00
12.775, 2.622107e-06, 3.984022e-06, 0.00, 0.00
12.780, 2.622107e-06, 3.984022e-06, 0.00, 0.00
12.785, 2.622107e-06, 3.984022e-06, 0.00, 0.00
12.790, 2.622107e-06, 3.984022e-06, 0.00, 0.00
12.795, 2.622107e-06, 3.984022e-06, 0.00, 0.00
12.800, 2.622107e-06, 3.984022e-06, 0.00, 0.00
12.805, 2.622107e-06, 3.984022e-06, 0.00, 0.00
12.810, 2.622107e-06, 3.984022e-06, 0.00, 0.00
12.815, 2.622107e-06, 3.984022e-06, 0.00, 0.00
12.820, 2.622107e-06, 3.984022e-06, 0.00, 0.00
12.825, 2.622107e-06, 3.984022e-06, 0.00, 0.00
12.830, 2.622107e-06, 3.984022e-06, 0.00, 0.00
12.835, 2.622107e-06, 3.984022e-06, 0.00, 0.00
12.840, 2.622107e-06, 3.984022e-06, 0.00, 0.00
12.845, 2.622107e-06, 3.984022e-06, 0.00, 0.00
12.850, 2.622107e-06, 3.984022e-06, 0.00, 0.00
12.855, 2.622107e-06, 3.984022e-06, 0.00, 0.00
12.860, 2.622107e-06, 3.984022e-06, 0.00, 0.00
12.865, 2.622107e-06, 3.984022e-06, 0.00, 0.00
12.870, 2.622107e-06, 3.984022e-06, 0.00, 0.00
12.875, 2.622107e-06, 3.984022e-06, 0.00, 0.00
12.880, 2.622107e-06, 3.984022e-06, 0.00, 0.00
12.885, 2.622107e-06, 3.984022e-06, 0.00, 0.00
12.890, 2.622107e-06, 3.984022e-06, 0.00, 0.00
12.895, 2.622107e-06, 3.984022e-06, 0.00, 0.00
12.900, 2.622107e-06, 3.984022e-06, 0.00, 0.00
12.905, 2.622107e-06, 3.984022e-06, 0.00, 0.00
12.910, 2.622107e-06, 3.984022e-06, 0.00, 0.00
12.915, 2.622107e-06, 3.984022e-06, 0.00, 0.00
12.920, 2.622107e-06, 3.984022e-06, 0.00, 0.00
12.925, 2.622107e-06, 3.984022e-06, 0.00, 0.00
12.930, 2.622107e-06, 3.984022e-06, 0.00, 0.00
12.935, 2.622107e-06, 3.984022e-06, 0.00, 0.00
12.940, 2.622107e-06, 3.984022e-06, 0.00, 0.00
12.945, 2.622107e-06, 3.984022e-06, 0.00, 0.00
12.950, 2.622107e-06, 3.984022e-06, 0.00, 0.00
12.955, 2.622107e-06, 3.984022e-06, 0.00, 0.00
12.960, 2.622107e-06, 3.984022e-06, 0.00, 0.00
12.965, 2.622107e-06, 3.984022e-06, 0.00, 0.00
12.970, 2.622107e-06, 3.984022e-06, 0.00, 0.00
12.975, 2.622107e-06, 3.984022e-06, 0.00, 0.00
12.980, 2.622107e-06, 3.984022e-06, 0.00, 0.00
12.985, 2.622107e-06, 3.984022e-06, 0.00, 0.00
12.990, 2.622107e-06, 3.984022e-06, 0.00, 0.00
12.995, 3.627251e-06, 3.984022e-06, 0.00, 0.00
13.000, 4.440579e-06, 4.695798e-06, 0.00, 0.00
13.005, 4.440579e-06, 4.695798e-06, 0.00, 0.00
13.010, 4.440579e-06, 4.695798e-06, 0.00, 0.00
13.015, 4.440579e-06, 4.695798e-06, 0.00, 0.00
13.020, 4.440579e-06, 4.695798e-06, 0.00, 0.00
13.025, 4.440579e-06, 4.695798e-06, 0.00, 0.00
13.030, 4.440579e-06, 4.695798e-06, 0.00, 0.00
13.035, 4.440579e-06, 4.695798e-06, 0.00, 0.00
13.040, 4.440579e-06, 4.695798e-06, 0.00, 0.00
13.045, 4.440579e-06, 4.695798e-06, 0.00, 0.00
13.050, 4.440579e-06, 4.695798e-06, 0.00, 0.00
13.055, 4.440579e-06, 4.695798e-06, 0.00, 0.00
13.060, 4.440579e-06, 4.695798e-06, 0.00, 0.00
13.065, 4.440579e-06, 4.695798e-06, 0.00, 0.00
13.070, 4.440579e-06, 4.695798e-06, 0.00, 0.00
13.075, 4.440579e-06, 4.695798e-06, 0.00, 0.00
13.080, 4.440579e-06, 4.695798e-06, 0.00, 0.00
13.085, 4.440579e-06, 4.695798e-06, 0.00, 0.00
13.090, 4.440579e-06, 4.695798e-06, 0.00, 0.00
13.095, 4.440579e-06, 4.695798e-06, 0.00, 0.00
13.100, 4.440579e-06, 4.695798e-06, 0.00, 0.00
13.105, 4.440579e-06, 4.695798e-06, 0.00, 0.00
13.110, 4.440579e-06, 4.695798e-06, 0.00, 0.00
13.115, 4.440579e-06, 4.695798e-06, 0.00, 0.00
13.120, 4.440579e-06, 4.695798e-06, 0.00, 0.00
13.125, 4.440579e-06, 4.695798e-06, 0.00, 0.00
13.130, 4.440579e-06, 4.695798e-06, 0.00, 0.00
13.135, 4.440579e-06, 4.695798e-06, 0.00, 0.00
13.140, 4.440579e-06, 4.695798e-06, 0.00, 0.00
13.145, 4.440579e-06, 4.695798e-06, 0.00, 0.00
13.150, 4.440579e-06, 4.695798e-06, 0.00, 0.00
13.155, 4.440579e-06, 4.695798e-06, 0.00, 0.00
13.160, 4.440579e-06, 4.695798e-06, 0.00, 0.00
13.165, 4.440579e-06, 4.695798e-06, 0.00, 0.00
13.170, 4.440579e-06, 4.695798e-06, 0.00, 0.00
13.175, 4.440579e-06, 4.695798e-06, 0.00, 0.00
13.180, 4.440579e-06, 4.695798e-06, 0.00, 0.00
13.185, 4.440579e-06, 4.695798e-06, 0.00, 0.00
13.190, 4.440579e-06, 4.695798e-06, 0.00, 0.00
13.195, 4.440579e-06, 4.695798e-06, 0.00, 0.00
13.200, 4.440579e-06, 4.695798e-06, 0.00, 0.00
13.205, 4.440579e-06, 4.695798e-06, 0.00, 0.00
13.210, 4.440579e-06, 4.695798e-06, 0.00, 0.00
13.215, 4.440579e-06, 4.695798e-06, 0.00, 0.00
13.220, 4.440579e-06, 4.695798e-06, 0.00, 0.00
13.225, 4.440579e-06, 4.695798e-06, 0.00, 0.00
13.230, 4.440579e-06, 4.695798e-06, 0.00, 0.00
13.235, 4.440579e-06, 4.695798e-06, 0.00, 0.00
13.240, 4.440579e-06, 4.695798e-06, 0.00, 0.00
13.245, 4.440579e-06, 4.695798e-06, 0.00, 0.00
13.250, 4.440579e-06, 4.695798e-06, 0.00, 0.00
13.255, 4.440579e-06, 4.695798e-06, 0.00, 0.00
13.260, 4.440579e-06, 4.695798e-06, 0.00, 0.00
13.265, 4.440579e-06, 4.695798e-06, 0.00, 0.00
13.270, 4.440579e-06, 4.695798e-06, 0.00, 0.00
13.275, 4.440579e-06, 4.695798e-06, 0.00, 0.00
13.280, 4.440579e-06, 4.695798e-06, 0.00, 0.00
13.285, 4.440579e-06, 4.695798e-06, 0.00, 0.00
13.290, 4.440579e-06, 4.695798e-06, 0.00, 0.00
13.295, 4.440579e-06, 4.695798e-06, 0.00, 0.00
13.300, 4.440579e-06, 4.695798e-06, 0.00, 0.00
13.305, 4.440579e-06, 4.695798e-06, 0.00, 0.00
13.310, 4.440579e-06, 4.695798e-06, 0.00, 0.00
13.315, 4.440579e-06, 4.695798e-06, 0.00, 0.00
13.320, 4.440579e-06, 4.695798e-06, 0.00, 0.00
13.325, 4.440579e-06, 4.695798e-06, 0.00, 0.00
13.330, 4.440579e-06, 4.695798e-06, 0.00, 0.00
13.335, 4.440579e-06, 4.695798e-06, 0.00, 0.00
13.340, 4.440579e-06, 4.695798e-06, 0.00, 0.00
13.345, 4.440579e-06, 4.695798e-06, 0.00, 0.00
13.350, 4.440579e-06, 4.695798e-06, 0.00, 0.00
13.355, 4.440579e-06, 4.695798e-06, 0.00, 0.00
13.360, 4.440579e-06, 4.695798e-06, 0.00, 0.00
13.365, 4.440579e-06, 4.695798e-06, 0.00, 0.00
13.370, 4.440579e-06, 4.695798e-06, 0.00, 0.00
13.375, 4.440579e-06, 4.695798e-06, 0.00, 0.00
13.380, 4.440579e-06, 4.695798e-06, 0.00, 0.00
13.385, 4.440579e-06, 4.695798e-06, 0.00, 0.00
13.390, 4.440579e-06, 4.695798e-06, 0.00, 0.00
13.395, 4.440579e-06, 4.695798e-06, 0.00, 0.00
13.400, 4.440579e-06, 4.695798e-06, 0.00, 0.00
13.405, 4.440579e-06, 4.695798e-06, 0.00, 0.00
13.410, 4.440579e-06, 4.695798e-06, 0.00, 0.00
13.415, 4.440579e-06, 4.695798e-06, 0.00, 0.00
13.420, 4.440579e-06, 4.695798e-06, 0.00, 0.00
13.425, 4.440579e-06, 4.695798e-06, 0.00, 0.00
13.430, 4.440579e-06, 4.695798e-06, 0.00, 0.00
13.435, 4.440579e-06, 4.695798e-06, 0.00, 0.00
13.440, 4.440579e-06, 4.695798e-06, 0.00, 0.00
13.445, 4.440579e-06, 4.695798e-06, 0.00, 0.00
13.450, 4.440579e-06, 4.695798e-06, 0.00, 0.00
13.455, 4.440579e-06, 4.695798e-06, 0.00, 0.00
13.460, 4.440579e-06, 4.695798e-06, 0.00, 0.00
13.465, 4.440579e-06, 4.695798e-06, 0.00, 0.00
13.470, 4.440579e-06, 4.695798e-06, 0.00, 0.00
13.475, 4.440579e-06, 4.695798e-06, 0.00, 0.00
13.480, 4.440579e-06, 4.695798e-06, 0.00, 0.00
13.485, 4.440579e-06, 4.695798e-06, 0.00, 0.00
13.490, 4.440579e-06, 4.695798e-06, 0.00, 0.00
13.495, 4.440579e-06, 4.695798e-06, 0.00, 0.00
13.500, 4.440579e-06, 4.695798e-06, 0.00, 0.00
13.505, 4.440579e-06, 4.695798e-06, 0.00, 0.00
13.510, 4.440579e-06, 4.695798e-06, 0.00, 0.00
13.515, 4.440579e-06, 4.695798e-06, 0.00, 0.00
13.520, 4.440579e-06, 4.695798e-06, 0.00, 0.00
13.525, 4.440579e-06, 4.695798e-06, 0.00, 0.00
13.530, 4.440579e-06, 4.695798e-06, 0.00, 0.00
13.535, 4.440579e-06, 4.695798e-06, 0.00, 0.00
13.540, 4.440579e-06, 4.695798e-06, 0.00, 0.00
13.545, 4.440579e-06, 4.695798e-06, 0.00, 0.00
13.550, 4.440579e-06, 4.695798e-06, 0.00, 0.00
13.555, 4.440579e-06, 4.695798e-06, 0.00, 0.00
13.560, 4.440579e-06, 4.695798e-06, 0.00, 0.00
13.565, 4.440579e-06, 4.695798e-06, 0.00, 0.00
13.570, 4.440579e-06, 4.695798e-06, 0.00, 0.00
13.575, 4.440579e-06, 4.695798e-06, 0.00, 0.00
13.580, 4.440579e-06, 4.695798e-06, 0.00, 0.00
13.585, 4.440579e-06, 4.695798e-06, 0.00, 0.00
13.590, 4.440579e-06, 4.695798e-06, 0.00, 0.00
13.595, 4.440579e-06, 4.695798e-06, 0.00, 0.00
13.600, 4.440579e-06, 4.695798e-06, 0.00, 0.00
13.605, 4.440579e-06, 4.695798e-06, 0.00, 0.00
13.610, 4.440579e-06, 4.695798e-06, 0.00, 0.00
13.615, 4.440579e-06, 4.695798e-06, 0.00, 0.00
13.620, 4.440579e-06, 4.695798e-06, 0.00, 0.00
13.625, 4.440579e-06, 4.695798e-06, 0.00, 0.00
13.630, 4.440579e-06, 4.695798e-06, 0.00, 0.00
13.635, 4.440579e-06, 4.695798e-06, 0.00, 0.00
13.640, 4.440579e-06, 4.695798e-06, 0.00, 0.00
13.645, 4.440579e-06, 4.695798e-06, 0.00, 0.00
13.650, 4.440579e-06, 4.695798e-06, 0.00, 0.00
13.655, 4.440579e-06, 4.695798e-06, 0.00, 0.00
13.660, 4.440579e-06, 4.695798e-06, 0.00, 0.00
13.665, 4.440579e-06, 4.695798e-06, 0.00, 0.00
13.670, 4.440579e-06, 4.695798e-06, 0.00, 0.00
13.675, 4.440579e-06, 4.695798e-06, 0.00, 0.00
13.680, 4.440579e-06, 4.695798e-06, 0.00, 0.00
13.685, 4.440579e-06, 4.695798e-06, 0.00, 0.00
13.690, 4.440579e-06, 4.695798e-06, 0.00, 0.00
13.695, 4.440579e-06, 4.695798e-06, 0.00, 0.00
13.700, 4.440579e-06, 4.695798e-06, 0.00, 0.00
13.705, 4.440579e-06, 4.695798e-06, 0.00, 0.00
13.710, 4.440579e-06, 4.695798e-06, 0.00, 0.00
13.715, 4.440579e-06, 4.695798e-06, 0.00, 0.00
13.720, 4.440579e-06, 4.695798e-06, 0.00, 0.00
13.725, 4.440579e-06, 4.695798e-06, 0.00, 0.00
13.730, 4.440579e-06, 4.695798e-06, 0.00, 0.00
13.735, 4.440579e-06, 4.695798e-06, 0.00, 0.00
13.740, 4.440579e-06, 4.695798e-06, 0.00, 0.00
13.745, 4.440579e-06, 4.695798e-06, 0.00, 0.00
13.750, 4.440579e-06, 4.695798e-06, 0.00, 0.00
13.755, 4.440579e-06, 4.695798e-06, 0.00, 0.00
13.760, 4.440579e-06, 4.695798e-06, 0.00, 0.00
13.765, 4.440579e-06, 4.695798e-06, 0.00, 0.00
13.770, 4.440579e-06, 4.695798e-06, 0.00, 0.00
13.775, 4.440579e-06, 4.695798e-06, 0.00, 0.00
13.780, 4.440579e-06, 4.695798e-06, 0.00, 0.00
13.785, 4.440579e-06, 4.695798e-06, 0.00, 0.00
13.790, 4.440579e-06, 4.695798e-06, 0.00, 0.00
13.795, 4.440579e-06, 4.695798e-06, 0.00, 0.00
13.800, 4.440579e-06, 4.695798e-06, 0.00, 0.00
13.805, 4.440579e-06, 4.695798e-06, 0.00, 0.00
13.810, 4.440579e-06, 4.695798e-06, 0.00, 0.00
13.815, 4.440579e-06, 4.695798e-06, 0.00, 0.00
13.820, 4.440579e-06, 4.695798e-06, 0.00, 0.00
13.825, 4.440579e-06, 4.695798e-06, 0.00, 0.00
13.830, 4.440579e-06, 4.695798e-06, 0.00, 0.00
13.835, 4.440579e-06, 4.695798e-06, 0.00, 0.00
13.840, 4.440579e-06, 4.695798e-06, 0.00, 0.00
13.845, 4.440579e-06, 4.695798e-06, 0.00, 0.00
13.850, 4.440579e-06, 4.695798e-06, 0.00, 0.00
13.855, 4.440579e-06, 4.695798e-06, 0.00, 0.00
13.860, 4.440579e-06, 4.695798e-06, 0.00, 0.00
13.865, 4.440579e-06, 4.695798e-06, 0.00, 0.00
13.870, 4.440579e-06, 4.695798e-06, 0.00, 0.00
13.875, 4.440579e-06, 4.695798e-06, 0.00, 0.00
13.880, 4.440579e-06, 4.695798e-06, 0.00, 0.00
13.885, 4.440579e-06, 4.695798e-06, 0.00, 0.00
13.890, 4.440579e-06, 4.695798e-06, 0.00, 0.00
13.895, 4.440579e-06, 4.695798e-06, 0.00, 0.00
13.900, 4.440579e-06, 4.695798e-06, 0.00, 0.00
13.905, 4.440579e-06, 4.695798e-06, 0.00, 0.00
13.910, 4.440579e-06, 4.695798e-06, 0.00, 0.00
13.915, 4.440579e-06, 4.695798e-06, 0.00, 0.00
13.920, 4.440579e-06, 4.695798e-06, 0.00, 0.00
13.925, 4.440579e-06, 4.695798e-06, 0.00, 0.00
13.930, 4.440579e-06, 4.695798e-06, 0.00, 0.00
13.935, 4.440579e-06, 4.695798e-06, 0.00, 0.00
13.940, 4.440579e-06, 4.695798e-06, 0.00, 0.00
13.945, 4.440579e-06, 4.695798e-06, 0.00, 0.00
13.950, 4.440579e-06, 4.695798e-06, 0.00, 0.00
13.955, 4.440579e-06, 4.695798e-06, 0.00, 0.00
13.960, 4.440579e-06, 4.695798e-06, 0.00, 0.00
13.965, 4.440579e-06, 4.695798e-06, 0.00, 0.00
13.970, 4.440579e-06, 4.695798e-06, 0.00, 0.00
13.975, 4.440579e-06, 4.695798e-06, 0.00, 0.00
13.980, 4.440579e-06, 4.695798e-06, 0.00, 0.00
13.985, 4.440579e-06, 4.695798e-06, 0.00, 0.00
13.990, 4.440579e-06, 4.695798e-06, 0.00, 0.00
13.995, 4.440579e-06, 4.695798e-06, 0.00, 0.00
14.000, 4.440579e-06, 4.695798e-06, 0.00, 0.00
14.005, 4.440579e-06, 4.695798e-06, 0.00, 0.00
14.010, 4.440579e-06, 4.695798e-06, 0.00, 0.00
14.015, 4.440579e-06, 4.695798e-06, 0.00, 0.00
14.020, 4.440579e-06, 4.695798e-06, 0.00, 0.00
14.025, 4.440579e-06, 4.695798e-06, 0.00, 0.00
14.030, 4.440579e-06, 4.695798e-06, 0.00, 0.00
14.035, 4.440579e-06, 4.695798e-06, 0.00, 0.00
14.040, 4.440579e-06, 4.695798e-06, 0.00, 0.00
14.045, 4.440579e-06, 4.695798e-06, 0.00, 0.00
14.050, 4.440579e-06, 4.695798e-06, 0.00, 0.00
14.055, 4.440579e-06, 4.695798e-06, 0.00, 0.00
14.060, 4.440579e-06, 4.695798e-06, 0.00, 0.00
14.065, 4.440579e-06, 4.695798e-06, 0.00, 0.00
14.070, 4.440579e-06, 4.695798e-06, 0.00, 0.00
14.075, 4.440579e-06, 4.695798e-06, 0.00, 0.00
14.080, 4.440579e-06, 4.695798e-06, 0.00, 0.00
14.085, 4.440579e-06, 4.695798e-06, 0.00, 0.00
14.090, 4.440579e-06, 4.695798e-06, 0.00, 0.00
14.095, 4.440579e-06, 4.695798e-06, 0.00, 0.00
14.100, 4.440579e-06, 4.695798e-06, 0.00, 0.00
14.105, 4.440579e-06, 4.695798e-06, 0.00, 0.00
14.110, 4.440579e-06, 4.695798e-06, 0.00, 0.00
14.115, 4.440579e-06, 4.695798e-06, 0.00, 0.00
14.120, 4.440579e-06, 4.695798e-06, 0.00, 0.00
14.125, 4.440579e-06, 4.695798e-06, 0.00, 0.00
14.130, 4.440579e-06, 4.695798e-06, 0.00, 0.00
14.135, 4.440579e-06, 4.695798e-06, 0.00, 0.00
14.140, 4.440579e-06, 4.695798e-06, 0.00, 0.00
14.145, 4.440579e-06, 4.695798e-06, 0.00, 0.00
14.150, 4.440579e-06, 4.695798e-06, 0.00, 0.00
14.155, 4.440579e-06, 4.695798e-06, 0.00, 0.00
14.160, 4.440579e-06, 4.695798e-06, 0.00, 0.00
14.165, 4.440579e-06, 4.695798e-06, 0.00, 0.00
14.170, 4.440579e-06, 4.695798e-06, 0.00, 0.00
14.175, 4.440579e-06, 4.695798e-06, 0.00, 0.00
14.180, 4.440579e-06, 4.695798e-06, 0.00, 0.00
14.185, 4.440579e-06, 4.695798e-06, 0.00, 0.00
14.190, 4.603782e-06, 4.695798e-06, 0.00, 0.00
14.195, 4.894273e-06, 4.695798e-06, 0.00, 0.00
14.200, 4.894273e-06, 4.695798e-06, 0.00, 0.00
14.205, 4.894273e-06, 4.695798e-06, 0.00, 0.00
14.210, 4.894273e-06, 4.695798e-06, 0.00, 0.00
14.215, 4.894273e-06, 4.695798e-06, 0.00, 0.00
14.220, 4.894273e-06, 4.695798e-06, 0.00, 0.00
14.225, 4.894273e-06, 4.695798e-06, 0.00, 0.00
14.230, 4.894273e-06, 4.695798e-06, 0.00, 0.00
14.235, 4.894273e-06, 4.695798e-06, 0.00, 0.00
14.240, 4.894273e-06, 4.695798e-06, 0.00, 0.00
14.245, 4.894273e-06, 4.695798e-06, 0.00, 0.00
14.250, 4.894273e-06, 4.695798e-06, 0.00, 0.00
14.255, 4.894273e-06, 4.695798e-06, 0.00, 0.00
14.260, 4.894273e-06, 4.695798e-06, 0.00, 0.00
14.265, 4.894273e-06, 4.695798e-06, 0.00, 0.00
14.270, 4.894273e-06, 4.695798e-06, 0.00, 0.00
14.275, 4.894273e-06, 4.695798e-06, 0.00, 0.00
14.280, 4.894273e-06, 4.695798e-06, 0.00, 0.00
14.285, 4.894273e-06, 4.695798e-06, 0.00, 0.00
14.290, 4.894273e-06, 4.695798e-06, 0.00, 0.00
14.295, 4.894273e-06, 4.695798e-06, 0.00, 0.00
14.300, 4.894273e-06, 4.695798e-06, 0.00, 0.00
14.305, 4.894273e-06, 4.695798e-06, 0.00, 0.00
14.310, 4.894273e-06, 4.695798e-06, 0.00, 0.00
14.315, 4.894273e-06, 4.695798e-06, 0.00, 0.00
14.320, 4.894273e-06, 4.695798e-06, 0.00, 0.00
14.325, 4.894273e-06, 4.695798e-06, 0.00, 0.00
14.330, 4.894273e-06, 4.695798e-06, 0.00, 0.00
14.335, 4.894273e-06, 4.695798e-06, 0.00, 0.00
14.340, 4.894273e-06, 4.695798e-06, 0.00, 0.00
14.345, 4.894273e-06, 4.695798e-06, 0.00, 0.00
14.350, 4.894273e-06, 4.695798e-06, 0.00, 0.00
14.355, 4.894273e-06, 4.695798e-06, 0.00, 0.00
14.360, 4.894273e-06, 4.695798e-06, 0.00, 0.00
14.365, 4.894273e-06, 4.695798e-06, 0.00, 0.00
14.370, 4.894273e-06, 4.695798e-06, 0.00, 0.00
14.375, 4.894273e-06, 4.695798e-06, 0.00, 0.00
14.380, 4.894273e-06, 4.695798e-06, 0.00, 0.00
14.385, 4.894273e-06, 4.695798e-06, 0.00, 0.00
14.390, 4.894273e-06, 4.695798e-06, 0.00, 0.00
14.395, 4.894273e-06, 4.695798e-06, 0.00, 0.00
14.400, 4.894273e-06, 4.695798e-06, 0.00, 0.00
14.405, 4.894273e-06, 4.695798e-06, 0.00, 0.00
14.410, 4.894273e-06, 4.695798e-06, 0.00, 0.00
14.415, 4.894273e-06, 4.695798e-06, 0.00, 0.00
14.420, 4.894273e-06, 4.695798e-06, 0.00, 0.00
14.425, 4.894273e-06, 4.695798e-06, 0.00, 0.00
14.430, 4.894273e-06, 4.695798e-06, 0.00, 0.00
14.435, 4.894273e-06, 4.695798e-06, 0.00, 0.00
14.440, 4.894273e-06, 4.695798e-06, 0.00, 0.00
14.445, 4.894273e-06, 4.695798e-06, 0.00, 0.00
14.450, 4.894273e-06, 4.695798e-06, 0.00, 0.00
14.455, 4.894273e-06, 4.695798e-06, 0.00, 0.00
14.460, 4.894273e-06, 4.695798e-06, 0.00, 0.00
14.465, 4.894273e-06, 4.695798e-06, 0.00, 0.00
14.470, 4.894273e-06, 4.695798e-06, 0.00, 0.00
14.475, 4.894273e-06, 4.695798e-06, 0.00, 0.00
14.480, 4.894273e-06, 4.695798e-06, 0.00, 0.00
14.485, 4.894273e-06, 4.695798e-06, 0.00, 0.00
14.490, 4.894273e-06, 4.695798e-06, 0.00, 0.00
14.495, 4.894273e-06, 4.695798e-06, 0.00, 0.00
14.500, 4.894273e-06, 4.695798e-06, 0.00, 0.00
14.505, 4.894273e-06, 4.695798e-06, 0.00, 0.00
14.510, 4.894273e-06, 4.695798e-06, 0.00, 0.00
14.515, 4.894273e-06, 4.695798e-06, 0.00, 0.00
14.520, 4.894273e-06, 4.695798e-06, 0.00, 0.00
14.525, 4.894273e-06, 4.695798e-06, 0.00, 0.00
14.530, 4.894273e-06, 4.695798e-06, 0.00, 0.00
14.535, 4.894273e-06, 4.695798e-06, 0.00, 0.00
14.540, 4.894273e-06, 4.695798e-06, 0.00, 0.00
14.545, 4.894273e-06, 4.695798e-06, 0.00, 0.00
14.550, 4.894273e-06, 4.695798e-06, 0.00, 0.00
14.555, 4.894273e-06, 4.695798e-06, 0.00, 0.00
14.560, 4.894273e-06, 4.695798e-06, 0.00, 0.00
14.565, 4.894273e-06, 4.695798e-06, 0.00, 0.00
14.570, 4.894273e-06, 4.695798e-06, 0.00, 0.00
14.575, 4.894273e-06, 4.695798e-06, 0.00, 0.00
14.580, 4.894273e-06, 4.695798e-06, 0.00, 0.00
14.585, 4.894273e-06, 4.695798e-06, 0.00, 0.00
14.590, 4.894273e-06, 4.695798e-06, 0.00, 0.00
14.595, 4.894273e-06, 4.695798e-06, 0.00, 0.00
14.600, 4.894273e-06, 4.695798e-06, 0.00, 0.00
14.605, 4.894273e-06, 4.695798e-06, 0.00, 0.00
14.610, 4.894273e-06, 4.695798e-06, 0.00, 0.00
14.615, 4.894273e-06, 4.695798e-06, 0.00, 0.00
14.620, 4.894273e-06, 4.695798e-06, 0.00, 0.00
14.625, 4.894273e-06, 4.695798e-06, 0.00, 0.00
14.630, 4.894273e-06, 4.695798e-06, 0.00, 0.00
14.635, 4.894273e-06, 4.695798e-06, 0.00, 0.00
14.640, 4.894273e-06, 4.695798e-06, 0.00, 0.00
14.645, 4.894273e-06, 4.695798e-06, 0.00, 0.00
14.650, 4.894273e-06, 4.695798e-06, 0.00, 0.00
14.655, 4.894273e-06, 4.695798e-06, 0.00, 0.00
14.660, 4.894273e-06, 4.695798e-06, 0.00, 0.00
14.665, 4.894273e-06, 4.695798e-06, 0.00, 0.00
14.670, 4.894273e-06, 4.695798e-06, 0.00, 0.00
14.675, 4.894273e-06, 4.695798e-06, 0.00, 0.00
14.680, 4.894273e-06, 5.213793e-06, 0.00, 0.00
14.685, 4.894273e-06, 5.752765e-06, 0.00, 0.00
14.690, 4.894273e-06, 6.038316e-06, 0.00, 0.00
14.695, 4.894273e-06, 6.038316e-06, 0.00, 0.00
14.700, 4.894273e-06, 6.038316e-06, 0.00, 0.00
14.705, 4.894273e-06, 6.038316e-06, 0.00, 0.00
14.710, 4.894273e-06, 6.038316e-06, 0.00, 0.00
14.715, 4.894273e-06, 6.038316e-06, 0.00, 0.00
14.720, 4.894273e-06, 6.038316e-06, 0.00, 0.00
14.725, 4.894273e-06, 6.038316e-06, 0.00, 0.00
14.730, 4.894273e-06, 6.038316e-06, 0.00, 0.00
14.735, 4.894273e-06, 6.038316e-06, 0.00, 0.00
14.740, 4.894273e-06, 6.038316e-06, 0.00, 0.00
14.745, 4.894273e-06, 6.038316e-06, 0.00, 0.00
14.750, 4.894273e-06, 6.038316e-06, 0.00, 0.00
14.755, 4.894273e-06, 6.038316e-06, 0.00, 0.00
14.760, 4.894273e-06, 6.038316e-06, 0.00, 0.00
14.765, 4.894273e-06, 6.038316e-06, 0.00, 0.00
14.770, 4.894273e-06, 6.038316e-06, 0.00, 0.00
14.775, 4.894273e-06, 6.038316e-06, 0.00, 0.00
14.780, 4.894273e-06, 6.038316e-06, 0.00, 0.00
14.785, 4.894273e-06, 6.038316e-06, 0.00, 0.00
14.790, 4.894273e-06, 6.038316e-06, 0.00, 0.00
14.795, 4.894273e-06, 6.038316e-06, 0.00, 0.00
14.800, 4.894273e-06, 6.038316e-06, 0.00, 0.00
14.805, 4.894273e-06, 6.038316e-06, 0.00, 0.00
14.810, 4.894273e-06, 6.038316e-06, 0.00, 0.00
14.815, 4.894273e-06, 6.038316e-06, 0.00, 0.00
14.820, 4.894273e-06, 6.038316e-06, 0.00, 0.00
14.825, 4.894273e-06, 6.874334e-06, 0.01, 0.00
14.830, 4.894273e-06, 7.975952e-06, 0.01, 0.00
14.835, 4.894273e-06, 8.641719e-06, 0.01, 0.00
14.840, 4.894273e-06, 8.651449e-06, 0.01, 0.00
14.845, 4.894273e-06, 8.651449e-06, 0.01, 0.00
14.850, 4.894273e-06, 8.651449e-06, 0.01, 0.00
14.855, 4.894273e-06, 8.651449e-06, 0.01, 0.00
14.860, 4.894273e-06, 8.651449e-06, 0.01, 0.00
14.865, 4.894273e-06, 8.651449e-06, 0.01, 0.00
14.870, 4.894273e-06, 8.651449e-06, 0.01, 0.00
14.875, 4.894273e-06, 8.651449e-06, 0.01, 0.00
14.880, 4.894273e-06, 8.651449e-06, 0.01, 0.00
14.885, 4.894273e-06, 8.651449e-06, 0.01, 0.00
14.890, 4.894273e-06, 8.651449e-06, 0.01, 0.00
14.895, 4.894273e-06, 8.651449e-06, 0.01, 0.00
14.900, 4.894273e-06, 8.651449e-06, 0.01, 0.00
14.905, 4.894273e-06, 8.651449e-06, 0.01, 0.00
14.910, 4.894273e-06, 8.651449e-06, 0.01, 0.00
14.915, 4.894273e-06, 8.651449e-06, 0.01, 0.00
14.920, 4.894273e-06, 8.651449e-06, 0.01, 0.00
14.925, 4.894273e-06, 8.651449e-06, 0.01, 0.00
14.930, 4.894273e-06, 8.651449e-06, 0.01, 0.00
14.935, 4.894273e-06, 8.651449e-06, 0.01, 0.00
14.940, 4.894273e-06, 8.651449e-06, 0.01, 0.00
14.945, 4.894273e-06, 8.651449e-06, 0.01, 0.00
14.950, 4.894273e-06, 8.651449e-06, 0.01, 0.00
14.955, 4.894273e-06, 8.651449e-06, 0.01, 0.00
14.960, 4.894273e-06, 8.651449e-06, 0.01, 0.00
14.965, 4.894273e-06, 8.651449e-06, 0.01, 0.00
14.970, 4.894273e-06, 8.651449e-06, 0.01, 0.00
14.975, 4.894273e-06, 8.651449e-06, 0.01, 0.00
14.980, 4.894273e-06, 8.651449e-06, 0.01, 0.00
14.985, 4.894273e-06, 8.651449e-06, 0.01, 0.00
14.990, 4.894273e-06, 8.651449e-06, 0.01, 0.00
14.995, 4.894273e-06, 8.651449e-06, 0.01, 0.00
15.000, 4.894273e-06, 8.651449e-06, 0.01, 0.00
15.005, 4.894273e-06, 8.651449e-06, 0.01, 0.00
15.010, 4.894273e-06, 8.651449e-06, 0.01, 0.00
15.015, 4.894273e-06, 8.651449e-06, 0.01, 0.00
15.020, 4.894273e-06, 8.651449e-06, 0.01, 0.00
15.025, 4.894273e-06, 8.651449e-06, 0.01, 0.00
15.030, 4.894273e-06, 8.651449e-06, 0.01, 0.00
15.035, 4.894273e-06, 8.651449e-06, 0.01, 0.00
15.040, 4.894273e-06, 8.651449e-06, 0.01, 0.00
15.045, 4.894273e-06, 8.651449e-06, 0.01, 0.00
15.050, 4.894273e-06, 8.651449e-06, 0.01, 0.00
15.055, 4.894273e-06, 8.651449e-06, 0.01, 0.00
15.060, 4.894273e-06, 8.651449e-06, 0.01, 0.00
15.065, 4.894273e-06, 8.651449e-06, 0.01, 0.00
15.070, 4.894273e-06, 8.651449e-06, 0.01, 0.00
15.075, 4.894273e-06, 8.651449e-06, 0.01, 0.00
15.080, 4.894273e-06, 8.651449e-06, 0.01, 0.00
15.085, 4.894273e-06, 8.651449e-06, 0.01, 0.00
15.090, 4.894273e-06, 8.651449e-06, 0.01, 0.00
15.095, 4.894273e-06, 8.651449e-06, 0.01, 0.00
15.100, 4.894273e-06, 8.651449e-06, 0.01, 0.00
15.105, 4.894273e-06, 8.651449e-06, 0.01, 0.00
15.110, 4.894273e-06, 8.651449e-06, 0.01, 0.00
15.115, 4.894273e-06, 8.651449e-06, 0.01, 0.00
15.120, 4.894273e-06, 8.651449e-06, 0.01, 0.00
15.125, 4.894273e-06, 8.651449e-06, 0.01, 0.00
15.130, 4.894273e-06, 8.651449e-06, 0.01, 0.00
15.135, 4.894273e-06, 8.651449e-06, 0.01, 0.00
15.140, 4.894273e-06, 8.651449e-06, 0.01, 0.00
15.145, 4.894273e-06, 8.651449e-06, 0.01, 0.00
15.150, 4.894273e-06, 8.651449e-06, 0.01, 0.00
15.155, 4.894273e-06, 8.651449e-06, 0.01, 0.00
15.160, 4.894273e-06, 8.651449e-06, 0.01, 0.00
15.165, 4.894273e-06, 8.651449e-06, 0.01, 0.00
15.170, 4.894273e-06, 8.651449e-06, 0.01, 0.00
15.175, 4.894273e-06, 8.651449e-06, 0.01, 0.00
15.180, 4.894273e-06, 8.651449e-06, 0.01, 0.00
15.185, 4.894273e-06, 8.651449e-06, 0.01, 0.00
15.190, 4.894273e-06, 8.651449e-06, 0.01, 0.00
15.195, 4.894273e-06, 8.651449e-06, 0.01, 0.00
15.200, 4.894273e-06, 8.651449e-06, 0.01, 0.00
15.205, 4.894273e-06, 8.651449e-06, 0.01, 0.00
15.210, 4.894273e-06, 8.651449e-06, 0.01, 0.00
15.215, 4.894273e-06, 8.651449e-06, 0.01, 0.00
15.220, 4.894273e-06, 8.651449e-06, 0.01, 0.00
15.225, 4.894273e-06, 8.651449e-06, 0.01, 0.00
15.230, 4.894273e-06, 8.651449e-06, 0.01, 0.00
15.235, 4.894273e-06, 8.651449e-06, 0.01, 0.00
15.240, 4.894273e-06, 8.651449e-06, 0.01, 0.00
15.245, 4.894273e-06, 8.651449e-06, 0.01, 0.00
15.250, 4.894273e-06, 8.651449e-06, 0.01, 0.00
15.255, 4.894273e-06, 8.651449e-06, 0.01, 0.00
15.260, 4.894273e-06, 8.651449e-06, 0.01, 0.00
15.265, 4.894273e-06, 8.651449e-06, 0.01, 0.00
15.270, 4.894273e-06, 8.651449e-06, 0.01, 0.00
15.275, 4.894273e-06, 8.651449e-06, 0.01, 0.00
15.280, 4.894273e-06, 8.651449e-06, 0.01, 0.00
15.285, 4.894273e-06, 8.651449e-06, 0.01, 0.00
15.290, 4.894273e-06, 8.651449e-06, 0.01, 0.00
15.295, 4.894273e-06, 8.651449e-06, 0.01, 0.00
15.300, 4.894273e-06, 8.651449e-06, 0.01, 0.00
15.305, 4.894273e-06, 8.651449e-06, 0.01, 0.00
15.310, 4.894273e-06, 8.651449e-06, 0.01, 0.00
15.315, 4.894273e-06, 8.651449e-06, 0.01, 0.00
15.320, 4.894273e-06, 8.651449e-06, 0.01, 0.00
15.325, 4.894273e-06, 8.651449e-06, 0.01, 0.00
15.330, 4.894273e-06, 8.651449e-06, 0.01, 0.00
15.335, 4.894273e-06, 8.651449e-06, 0.01, 0.00
15.340, 4.894273e-06, 8.651449e-06, 0.01, 0.00
15.345, 4.894273e-06, 8.651449e-06, 0.01, 0.00
15.350, 4.894273e-06, 8.651449e-06, 0.01, 0.00
15.355, 4.894273e-06, 8.651449e-06, 0.01, 0.00
15.360, 4.894273e-06, 8.651449e-06, 0.01, 0.00
15.365, 4.894273e-06, 8.651449e-06, 0.01, 0.00
15.370, 4.894273e-06, 8.651449e-06, 0.01, 0.00
15.375, 4.894273e-06, 8.651449e-06, 0.01, 0.00
15.380, 4.894273e-06, 8.651449e-06, 0.01, 0.00
15.385, 4.894273e-06, 8.651449e-06, 0.01, 0.00
15.390, 4.894273e-06, 8.651449e-06, 0.01, 0.00
15.395, 4.894273e-06, 8.651449e-06, 0.01, 0.00
15.400, 4.894273e-06, 8.651449e-06, 0.01, 0.00
15.405, 4.894273e-06, 8.651449e-06, 0.01, 0.00
15.410, 4.894273e-06, 8.651449e-06, 0.01, 0.00
15.415, 4.894273e-06, 8.651449e-06, 0.01, 0.00
15.420, 4.894273e-06, 8.651449e-06, 0.01, 0.00
15.425, 4.894273e-06, 8.651449e-06, 0.01, 0.00
15.430, 4.894273e-06, 8.651449e-06, 0.01, 0.00
15.435, 4.894273e-06, 8.651449e-06, 0.01, 0.00
15.440, 4.894273e-06, 8.651449e-06, 0.01, 0.00
15.445, 4.894273e-06, 8.651449e-06, 0.01, 0.00
15.450, 4.894273e-06, 8.651449e-06, 0.01, 0.00
15.455, 4.894273e-06, 8.651449e-06, 0.01, 0.00
15.460, 4.894273e-06, 8.651449e-06, 0.01, 0.00
15.465, 4.894273e-06, 8.651449e-06, 0.01, 0.00
15.470, 4.894273e-06, 8.651449e-06, 0.01, 0.00
15.475, 4.894273e-06, 8.651449e-06, 0.01, 0.00
15.480, 4.894273e-06, 8.651449e-06, 0.01, 0.00
15.485, 4.894273e-06, 8.651449e-06, 0.01, 0.00
15.490, 4.894273e-06, 8.651449e-06, 0.01, 0.00
15.495, 4.894273e-06, 8.651449e-06, 0.01, 0.00
15.500, 4.894273e-06, 8.651449e-06, 0.01, 0.00
15.505, 4.894273e-06, 8.651449e-06, 0.01, 0.00
15.510, 4.894273e-06, 8.651449e-06, 0.01, 0.00
15.515, 4.894273e-06, 8.651449e-06, 0.01, 0.00
15.520, 4.894273e-06, 8.651449e-06, 0.01, 0.00
15.525, 4.894273e-06, 8.651449e-06, 0.01, 0.00
15.530, 4.894273e-06, 8.651449e-06, 0.01, 0.00
15.535, 4.894273e-06, 8.651449e-06, 0.01, 0.00
15.540, 4.894273e-06, 8.651449e-06, 0.01, 0.00
15.545, 4.894273e-06, 8.651449e-06, 0.01, 0.00
15.550, 4.894273e-06, 8.651449e-06, 0.01, 0.00
15.555, 4.894273e-06, 8.651449e-06, 0.01, 0.00
15.560, 4.894273e-06, 8.651449e-06, 0.01, 0.00
15.565, 4.894273e-06, 8.651449e-06, 0.01, 0.00
15.570, 4.894273e-06, 8.651449e-06, 0.01, 0.00
15.575, 4.894273e-06, 8.651449e-06, 0.01, 0.00
15.580, 4.894273e-06, 8.651449e-06, 0.01, 0.00
15.585, 4.894273e-06, 8.651449e-06, 0.01, 0.00
15.590, 4.894273e-06, 8.651449e-06, 0.01, 0.00
15.595, 4.894273e-06, 8.651449e-06, 0.01, 0.00
15.600, 4.894273e-06, 8.651449e-06, 0.01, 0.00
15.605, 4.894273e-06, 8.651449e-06, 0.01, 0.00
15.610, 4.894273e-06, 8.651449e-06, 0.01, 0.00
15.615, 4.894273e-06, 8.651449e-06, 0.01, 0.00
15.620, 4.894273e-06, 8.651449e-06, 0.01, 0.00
15.625, 4.894273e-06, 8.651449e-06, 0.01, 0.00
15.630, 4.894273e-06, 8.651449e-06, 0.01, 0.00
15.635, 4.894273e-06, 8.651449e-06, 0.01, 0.00
15.640, 4.894273e-06, 8.651449e-06, 0.01, 0.00
15.645, 4.894273e-06, 8.651449e-06, 0.01, 0.00
15.650, 4.894273e-06, 8.651449e-06, 0.01, 0.00
15.655, 4.894273e-06, 8.651449e-06, 0.01, 0.00
15.660, 4.894273e-06, 8.651449e-06, 0.01, 0.00
15.665, 4.894273e-06, 8.651449e-06, 0.01, 0.00
15.670, 4.894273e-06, 8.651449e-06, 0.01, 0.00
15.675, 4.894273e-06, 8.651449e-06, 0.01, 0.00
15.680, 4.894273e-06, 8.651449e-06, 0.01, 0.00
15.685, 4.894273e-06, 8.651449e-06, 0.01, 0.00
15.690, 4.894273e-06, 8.651449e-06, 0.01, 0.00
15.695, 4.894273e-06, 8.651449e-06, 0.01, 0.00
15.700, 4.894273e-06, 8.651449e-06, 0.01, 0.00
15.705, 4.894273e-06, 8.651449e-06, 0.01, 0.00
15.710, 4.894273e-06, 8.651449e-06, 0.01, 0.00
15.715, 4.894273e-06, 8.651449e-06, 0.01, 0.00
15.720, 4.894273e-06, 8.651449e-06, 0.01, 0.00
15.725, 4.894273e-06, 8.651449e-06, 0.01, 0.00
15.730, 4.894273e-06, 8.651449e-06, 0.01, 0.00
15.735, 4.894273e-06, 8.651449e-06, 0.01, 0.00
15.740, 4.894273e-06, 8.651449e-06, 0.01, 0.00
15.745, 4.894273e-06, 8.651449e-06, 0.01, 0.00
15.750, 4.894273e-06, 8.651449e-06, 0.01, 0.00
15.755, 4.894273e-06, 8.651449e-06, 0.01, 0.00
15.760, 4.894273e-06, 8.651449e-06, 0.01, 0.00
15.765, 4.894273e-06, 8.651449e-06, 0.01, 0.00
15.770, 4.894273e-06, 8.651449e-06, 0.01, 0.00
15.775, 4.894273e-06, 8.651449e-06, 0.01, 0.00
15.780, 4.894273e-06, 8.651449e-06, 0.01, 0.00
15.785, 4.894273e-06, 8.651449e-06, 0.01, 0.00
15.790, 4.894273e-06, 8.651449e-06, 0.01, 0.00
15.795, 4.894273e-06, 8.651449e-06, 0.01, 0.00
15.800, 4.894273e-06, 8.651449e-06, 0.01, 0.00
15.805, 4.894273e-06, 8.651449e-06, 0.01, 0.00
15.810, 4.894273e-06, 8.651449e-06, 0.01, 0.00
15.815, 4.894273e-06, 8.651449e-06, 0.01, 0.00
15.820, 4.894273e-06, 8.651449e-06, 0.01, 0.00
15.825, 4.894273e-06, 8.651449e-06, 0.01, 0.00
15.830, 4.894273e-06, 8.651449e-06, 0.01, 0.00
15.835, 4.894273e-06, 8.651449e-06, 0.01, 0.00
15.840, 4.894273e-06, 8.651449e-06, 0.01, 0.00
15.845, 4.894273e-06, 8.651449e-06, 0.01, 0.00
15.850, 4.894273e-06, 8.651449e-06, 0.01, 0.00
15.855, 4.894273e-06, 8.651449e-06, 0.01, 0.00
15.860, 4.894273e-06, 8.651449e-06, 0.01, 0.00
15.865, 4.894273e-06, 8.651449e-06, 0.01, 0.00
15.870, 4.894273e-06, 8.651449e-06, 0.01, 0.00
15.875, 4.894273e-06, 8.651449e-06, 0.01, 0.00
15.880, 4.894273e-06, 8.651449e-06, 0.01, 0.00
15.885, 4.894273e-06, 8.651449e-06, 0.01, 0.00
15.890, 4.894273e-06, 8.651449e-06, 0.01, 0.00
15.895, 4.894273e-06, 8.651449e-06, 0.01, 0.00
15.900, 4.894273e-06, 8.651449e-06, 0.01, 0.00
15.905, 4.894273e-06, 8.651449e-06, 0.01, 0.00
15.910, 4.894273e-06, 8.651449e-06, 0.01, 0.00
15.915, 4.894273e-06, 8.651449e-06, 0.01, 0.00
15.920, 4.894273e-06, 8.651449e-06, 0.01, 0.00
15.925, 4.894273e-06, 8.651449e-06, 0.01, 0.00
15.930, 4.894273e-06, 8.651449e-06, 0.01, 0.00
15.935, 4.894273e-06, 8.651449e-06, 0.01, 0.00
15.940, 4.894273e-06, 8.651449e-06, 0.01, 0.00
15.945, 4.894273e-06, 8.651449e-06, 0.01, 0.00
15.950, 4.894273e-06, 8.651449e-06, 0.01, 0.00
15.955, 4.894273e-06, 8.651449e-06, 0.01, 0.00
15.960, 4.894273e-06, 8.651449e-06, 0.01, 0.00
15.965, 4.894273e-06, 8.651449e-06, 0.01, 0.00
15.970, 4.894273e-06, 8.651449e-06, 0.01, 0.00
15.975, 4.894273e-06, 8.651449e-06, 0.01, 0.00
15.980, 4.894273e-06, 8.651449e-06, 0.01, 0.00
15.985, 4.894273e-06, 8.651449e-06, 0.01, 0.00
15.990, 4.894273e-06, 8.651449e-06, 0.01, 0.00
15.995, 4.894273e-06, 8.651449e-06, 0.01, 0.00
16.000, 4.894273e-06, 8.651449e-06, 0.01, 0.00
16.005, 4.894273e-06, 8.651449e-06, 0.01, 0.00
16.010, 4.894273e-06, 8.651449e-06, 0.01, 0.00
16.015, 4.894273e-06, 8.651449e-06, 0.01, 0.00
16.020, 4.894273e-06, 8.651449e-06, 0.01, 0.00
16.025, 4.894273e-06, 8.651449e-06, 0.01, 0.00
16.030, 4.894273e-06, 8.651449e-06, 0.01, 0.00
16.035, 4.894273e-06, 8.651449e-06, 0.01, 0.00
16.040, 4.894273e-06, 8.651449e-06, 0.01, 0.00
16.045, 4.894273e-06, 8.651449e-06, 0.01, 0.00
16.050, 4.894273e-06, 8.651449e-06, 0.01, 0.00
16.055, 4.894273e-06, 8.651449e-06, 0.01, 0.00
16.060, 4.894273e-06, 8.651449e-06, 0.01, 0.00
16.065, 4.894273e-06, 8.651449e-06, 0.01, 0.00
16.070, 4.894273e-06, 8.651449e-06, 0.01, 0.00
16.075, 4.894273e-06, 8.651449e-06, 0.01, 0.00
16.080, 4.894273e-06, 8.651449e-06, 0.01, 0.00
16.085, 4.894273e-06, 8.651449e-06, 0.01, 0.00
16.090, 4.894273e-06, 8.651449e-06, 0.01, 0.00
16.095, 4.894273e-06, 8.651449e-06, 0.01, 0.00
16.100, 4.894273e-06, 8.651449e-06, 0.01, 0.00
16.105, 4.894273e-06, 8.651449e-06, 0.01, 0.00
16.110, 4.894273e-06, 8.651449e-06, 0.01, 0.00
16.115, 4.894273e-06, 8.651449e-06, 0.01, 0.00
16.120, 4.894273e-06, 8.651449e-06, 0.01, 0.00
16.125, 4.894273e-06, 8.651449e-06, 0.01, 0.00
16.130, 4.894273e-06, 8.651449e-06, 0.01, 0.00
16.135, 4.894273e-06, 8.651449e-06, 0.01, 0.00
16.140, 4.894273e-06, 8.651449e-06, 0.01, 0.00
16.145, 4.894273e-06, 8.651449e-06, 0.01, 0.00
16.150, 4.894273e-06, 8.651449e-06, 0.01, 0.00
16.155, 4.894273e-06, 8.651449e-06, 0.01, 0.00
16.160, 4.894273e-06, 8.651449e-06, 0.01, 0.00
16.165, 4.894273e-06, 8.651449e-06, 0.01, 0.00
16.170, 4.894273e-06, 8.651449e-06, 0.01, 0.00
16.175, 4.894273e-06, 8.651449e-06, 0.01, 0.00
16.180, 4.894273e-06, 8.651449e-06, 0.01, 0.00
16.185, 4.894273e-06, 8.651449e-06, 0.01, 0.00
16.190, 5.593964e-06, 8.651449e-06, 0.01, 0.00
16.195, 6.030964e-06, 8.651449e-06, 0.01, 0.00
16.200, 6.048641e-06, 8.651449e-06, 0.01, 0.00
16.205, 6.096668e-06, 8.651449e-06, 0.01, 0.00
16.210, 6.240982e-06, 8.651449e-06, 0.01, 0.00
16.215, 6.240982e-06, 8.651449e-06, 0.01, 0.00
16.220, 6.240982e-06, 8.651449e-06, 0.01, 0.00
16.225, 6.240982e-06, 8.651449e-06, 0.01, 0.00
16.230, 6.240982e-06, 8.651449e-06, 0.01, 0.00
16.235, 6.240982e-06, 8.651449e-06, 0.01, 0.00
16.240, 6.240982e-06, 8.651449e-06, 0.01, 0.00
16.245, 6.240982e-06, 8.651449e-06, 0.01, 0.00
16.250, 6.240982e-06, 8.651449e-06, 0.01, 0.00
16.255, 6.240982e-06, 8.651449e-06, 0.01, 0.00
16.260, 6.240982e-06, 8.651449e-06, 0.01, 0.00
16.265, 6.240982e-06, 8.651449e-06, 0.01, 0.00
16.270, 6.240982e-06, 8.651449e-06, 0.01, 0.00
16.275, 6.240982e-06, 8.651449e-06, 0.01, 0.00
16.280, 6.240982e-06, 8.651449e-06, 0.01, 0.00
16.285, 6.240982e-06, 8.651449e-06, 0.01, 0.00
16.290, 6.240982e-06, 8.651449e-06, 0.01, 0.00
16.295, 6.240982e-06, 8.651449e-06, 0.01, 0.00
16.300, 6.240982e-06, 8.651449e-06, 0.01, 0.00
16.305, 6.240982e-06, 8.651449e-06, 0.01, 0.00
16.310, 6.240982e-06, 8.651449e-06, 0.01, 0.00
16.315, 6.240982e-06, 8.651449e-06, 0.01, 0.00
16.320, 6.240982e-06, 9.283335e-06, 0.01, 0.00
16.325, 6.240982e-06, 9.930252e-06, 0.01, 0.00
16.330, 6.240982e-06, 1.025021e-05, 0.01, 0.00
16.335, 6.240982e-06, 1.025021e-05, 0.01, 0.00
16.340, 6.240982e-06, 1.025021e-05, 0.01, 0.00
16.345, 6.240982e-06, 1.025021e-05, 0.01, 0.00
16.350, 6.240982e-06, 1.025021e-05, 0.01, 0.00
16.355, 6.240982e-06, 1.025021e-05, 0.01, 0.00
16.360, 6.240982e-06, 1.025021e-05, 0.01, 0.00
16.365, 6.240982e-06, 1.025021e-05, 0.01, 0.00
16.370, 6.240982e-06, 1.025021e-05, 0.01, 0.00
16.375, 6.240982e-06, 1.025021e-05, 0.01, 0.00
16.380, 6.240982e-06, 1.025021e-05, 0.01, 0.00
16.385, 6.240982e-06, 1.025021e-05, 0.01, 0.00
16.390, 6.386314e-06, 1.025021e-05, 0.01, 0.00
16.395, 6.964362e-06, 1.025021e-05, 0.01, 0.00
16.400, 6.964362e-06, 1.025021e-05, 0.01, 0.00
16.405, 6.964362e-06, 1.025021e-05, 0.01, 0.00
16.410, 6.964362e-06, 1.025021e-05, 0.01, 0.00
16.415, 6.964362e-06, 1.025021e-05, 0.01, 0.00
16.420, 6.964362e-06, 1.025021e-05, 0.01, 0.00
16.425, 6.964362e-06, 1.025021e-05, 0.01, 0.00
16.430, 6.964362e-06, 1.025021e-05, 0.01, 0.00
16.435, 6.964362e-06, 1.025021e-05, 0.01, 0.00
16.440, 6.964362e-06, 1.025021e-05, 0.01, 0.00
16.445, 6.964362e-06, 1.025021e-05, 0.01, 0.00
16.450, 6.964362e-06, 1.025021e-05, 0.01, 0.00
16.455, 6.964362e-06, 1.025021e-05, 0.01, 0.00
16.460, 6.964362e-06, 1.025021e-05, 0.01, 0.00
16.465, 6.964362e-06, 1.025021e-05, 0.01, 0.00
16.470, 6.964362e-06, 1.025021e-05, 0.01, 0.00
16.475, 6.964362e-06, 1.025021e-05, 0.01, 0.00
16.480, 6.964362e-06, 1.025021e-05, 0.01, 0.00
16.485, 6.964362e-06, 1.025021e-05, 0.01, 0.00
16.490, 6.964362e-06, 1.025021e-05, 0.01, 0.00
16.495, 6.964362e-06, 1.025021e-05, 0.01, 0.00
16.500, 6.964362e-06, 1.025021e-05, 0.01, 0.00
16.505, 6.964362e-06, 1.025021e-05, 0.01, 0.00
16.510, 6.964362e-06, 1.025021e-05, 0.01, 0.00
16.515, 6.964362e-06, 1.025021e-05, 0.01, 0.00
16.520, 6.964362e-06, 1.025021e-05, 0.01, 0.00
16.525, 6.964362e-06, 1.025021e-05, 0.01, 0.00
16.530, 6.964362e-06, 1.025021e-05, 0.01, 0.00
16.535, 6.964362e-06, 1.025021e-05, 0.01, 0.00
16.540, 6.964362e-06, 1.025021e-05, 0.01, 0.00
16.545, 6.964362e-06, 1.025021e-05, 0.01, 0.00
16.550, 6.964362e-06, 1.025021e-05, 0.01, 0.00
16.555, 6.964362e-06, 1.025021e-05, 0.01, 0.00
16.560, 6.964362e-06, 1.025021e-05, 0.01, 0.00
16.565, 6.964362e-06, 1.025021e-05, 0.01, 0.00
16.570, 6.964362e-06, 1.025021e-05, 0.01, 0.00
16.575, 6.964362e-06, 1.025021e-05, 0.01, 0.00
16.580, 6.964362e-06, 1.025021e-05, 0.01, 0.00
16.585, 6.964362e-06, 1.025021e-05, 0.01, 0.00
16.590, 6.964362e-06, 1.025021e-05, 0.01, 0.00
16.595, 6.964362e-06, 1.025021e-05, 0.01, 0.00
16.600, 6.964362e-06, 1.025021e-05, 0.01, 0.00
16.605, 6.964362e-06, 1.025021e-05, 0.01, 0.00
16.610, 6.964362e-06, 1.025021e-05, 0.01, 0.00
16.615, 6.964362e-06, 1.025021e-05, 0.01, 0.00
16.620, 6.964362e-06, 1.025021e-05, 0.01, 0.00
16.625, 6.964362e-06, 1.025021e-05, 0.01, 0.00
16.630, 6.964362e-06, 1.025021e-05, 0.01, 0.00
16.635, 6.964362e-06, 1.025021e-05, 0.01, 0.00
16.640, 6.964362e-06, 1.025021e-05, 0.01, 0.00
16.645, 6.964362e-06, 1.025021e-05, 0.01, 0.00
16.650, 6.964362e-06, 1.025021e-05, 0.01, 0.00
16.655, 6.964362e-06, 1.025021e-05, 0.01, 0.00
16.660, 6.964362e-06, 1.025021e-05, 0.01, 0.00
16.665, 6.964362e-06, 1.025021e-05, 0.01, 0.00
16.670, 6.964362e-06, 1.025021e-05, 0.01, 0.00
16.675, 6.964362e-06, 1.025021e-05, 0.01, 0.00
16.680, 6.964362e-06, 1.025021e-05, 0.01, 0.00
16.685, 6.964362e-06, 1.025021e-05, 0.01, 0.00
16.690, 6.964362e-06, 1.025021e-05, 0.01, 0.00
16.695, 6.964362e-06, 1.025021e-05, 0.01, 0.00
16.700, 6.964362e-06, 1.025021e-05, 0.01, 0.00
16.705, 6.964362e-06, 1.025021e-05, 0.01, 0.00
16.710, 6.964362e-06, 1.025021e-05, 0.01, 0.00
16.715, 6.964362e-06, 1.025021e-05, 0.01, 0.00
16.720, 6.964362e-06, 1.025021e-05, 0.01, 0.00
16.725, 6.964362e-06, 1.025021e-05, 0.01, 0.00
16.730, 6.964362e-06, 1.025021e-05, 0.01, 0.00
16.735, 6.964362e-06, 1.025021e-05, 0.01, 0.00
16.740, 6.964362e-06, 1.025021e-05, 0.01, 0.00
16.745, 6.964362e-06, 1.025021e-05, 0.01, 0.00
16.750, 6.964362e-06, 1.025021e-05, 0.01, 0.00
16.755, 6.964362e-06, 1.025021e-05, 0.01, 0.00
16.760, 6.964362e-06, 1.025021e-05, 0.01, 0.00
16.765, 6.964362e-06, 1.025021e-05, 0.01, 0.00
16.770, 6.964362e-06, 1.025021e-05, 0.01, 0.00
16.775, 6.964362e-06, 1.025021e-05, 0.01, 0.00
16.780, 6.964362e-06, 1.025021e-05, 0.01, 0.00
16.785, 6.964362e-06, 1.025021e-05, 0.01, 0.00
16.790, 6.964362e-06, 1.025021e-05, 0.01, 0.00
16.795, 6.964362e-06, 1.025021e-05, 0.01, 0.00
16.800, 6.964362e-06, 1.025021e-05, 0.01, 0.00
16.805, 6.964362e-06, 1.025021e-05, 0.01, 0.00
16.810, 6.964362e-06, 1.025021e-05, 0.01, 0.00
16.815, 6.964362e-06, 1.025021e-05, 0.01, 0.00
16.820, 6.964362e-06, 1.025021e-05, 0.01, 0.00
16.825, 6.964362e-06, 1.025021e-05, 0.01, 0.00
16.830, 6.964362e-06, 1.025021e-05, 0.01, 0.00
16.835, 6.964362e-06, 1.025021e-05, 0.01, 0.00
16.840, 6.964362e-06, 1.025021e-05, 0.01, 0.00
16.845, 6.964362e-06, 1.025021e-05, 0.01, 0.00
16.850, 6.964362e-06, 1.025021e-05, 0.01, 0.00
16.855, 6.964362e-06, 1.025021e-05, 0.01, 0.00
16.860, 6.964362e-06, 1.025021e-05, 0.01, 0.00
16.865, 6.964362e-06, 1.025021e-05, 0.01, 0.00
16.870, 6.964362e-06, 1.025021e-05, 0.01, 0.00
16.875, 6.964362e-06, 1.025021e-05, 0.01, 0.00
16.880, 6.964362e-06, 1.025021e-05, 0.01, 0.00
16.885, 6.964362e-06, 1.025021e-05, 0.01, 0.00
16.890, 6.964362e-06, 1.025021e-05, 0.01, 0.00
16.895, 6.964362e-06, 1.025021e-05, 0.01, 0.00
16.900, 6.964362e-06, 1.025021e-05, 0.01, 0.00
16.905, 6.964362e-06, 1.025021e-05, 0.01, 0.00
16.910, 6.964362e-06, 1.025021e-05, 0.01, 0.00
16.915, 6.964362e-06, 1.025021e-05, 0.01, 0.00
16.920, 6.964362e-06, 1.025021e-05, 0.01, 0.00
16.925, 6.964362e-06, 1.025021e-05, 0.01, 0.00
16.930, 6.964362e-06, 1.025021e-05, 0.01, 0.00
16.935, 6.964362e-06, 1.025021e-05, 0.01, 0.00
16.940, 6.964362e-06, 1.025021e-05, 0.01, 0.00
16.945, 6.964362e-06, 1.025021e-05, 0.01, 0.00
16.950, 6.964362e-06, 1.025021e-05, 0.01, 0.00
16.955, 6.964362e-06, 1.025021e-05, 0.01, 0.00
16.960, 6.964362e-06, 1.025021e-05, 0.01, 0.00
16.965, 6.964362e-06, 1.025021e-05, 0.01, 0.00
16.970, 6.964362e-06, 1.025021e-05, 0.01, 0.00
16.975, 6.964362e-06, 1.025021e-05, 0.01, 0.00
16.980, 6.964362e-06, 1.025021e-05, 0.01, 0.00
16.985, 6.964362e-06, 1.025021e-05, 0.01, 0.00
16.990, 6.964362e-06, 1.025021e-05, 0.01, 0.00
16.995, 6.964362e-06, 1.025021e-05, 0.01, 0.00
17.000, 6.964362e-06, 1.025021e-05, 0.01, 0.00
17.005, 6.964362e-06, 1.025021e-05, 0.01, 0.00
17.010, 6.964362e-06, 1.025021e-05, 0.01, 0.00
17.015, 6.964362e-06, 1.025021e-05, 0.01, 0.00
17.020, 6.964362e-06, 1.025021e-05, 0.01, 0.00
17.025, 6.964362e-06, 1.025021e-05, 0.01, 0.00
17.030, 6.964362e-06, 1.025021e-05, 0.01, 0.00
17.035, 6.964362e-06, 1.025021e-05, 0.01, 0.00
17.040, 6.964362e-06, 1.025021e-05, 0.01, 0.00
17.045, 6.964362e-06, 1.025021e-05, 0.01, 0.00
17.050, 6.964362e-06, 1.025021e-05, 0.01, 0.00
17.055, 6.964362e-06, 1.025021e-05, 0.01, 0.00
17.060, 6.964362e-06, 1.025021e-05, 0.01, 0.00
17.065, 6.964362e-06, 1.025021e-05, 0.01, 0.00
17.070, 6.964362e-06, 1.025021e-05, 0.01, 0.00
17.075, 6.964362e-06, 1.025021e-05, 0.01, 0.00
17.080, 6.964362e-06, 1.025021e-05, 0.01, 0.00
17.085, 6.964362e-06, 1.025021e-05, 0.01, 0.00
17.090, 6.964362e-06, 1.025021e-05, 0.01, 0.00
17.095, 6.964362e-06, 1.025021e-05, 0.01, 0.00
17.100, 6.964362e-06, 1.025021e-05, 0.01, 0.00
17.105, 6.964362e-06, 1.025021e-05, 0.01, 0.00
17.110, 6.964362e-06, 1.025021e-05, 0.01, 0.00
17.115, 6.964362e-06, 1.025021e-05, 0.01, 0.00
17.120, 6.964362e-06, 1.025021e-05, 0.01, 0.00
17.125, 6.964362e-06, 1.025021e-05, 0.01, 0.00
17.130, 6.964362e-06, 1.025021e-05, 0.01, 0.00
17.135, 6.964362e-06, 1.025021e-05, 0.01, 0.00
17.140, 6.964362e-06, 1.025021e-05, 0.01, 0.00
17.145, 6.964362e-06, 1.025021e-05, 0.01, 0.00
17.150, 6.964362e-06, 1.025021e-05, 0.01, 0.00
17.155, 6.964362e-06, 1.025021e-05, 0.01, 0.00
17.160, 6.964362e-06, 1.025021e-05, 0.01, 0.00
17.165, 6.964362e-06, 1.025021e-05, 0.01, 0.00
17.170, 6.964362e-06, 1.025021e-05, 0.01, 0.00
17.175, 6.964362e-06, 1.025021e-05, 0.01, 0.00
17.180, 6.964362e-06, 1.025021e-05, 0.01, 0.00
17.185, 6.964362e-06, 1.025021e-05, 0.01, 0.00
17.190, 6.964362e-06, 1.025021e-05, 0.01, 0.00
17.195, 6.964362e-06, 1.025021e-05, 0.01, 0.00
17.200, 6.964362e-06, 1.025021e-05, 0.01, 0.00
17.205, 6.964362e-06, 1.025021e-05, 0.01, 0.00
17.210, 6.964362e-06, 1.025021e-05, 0.01, 0.00
17.215, 6.964362e-06, 1.025021e-05, 0.01, 0.00
17.220, 6.964362e-06, 1.025021e-05, 0.01, 0.00
17.225, 6.964362e-06, 1.025021e-05, 0.01, 0.00
17.230, 6.964362e-06, 1.025021e-05, 0.01, 0.00
17.235, 6.964362e-06, 1.025021e-05, 0.01, 0.00
17.240, 6.964362e-06, 1.025021e-05, 0.01, 0.00
17.245, 6.964362e-06, 1.025021e-05, 0.01, 0.00
17.250, 6.964362e-06, 1.025021e-05, 0.01, 0.00
17.255, 6.964362e-06, 1.025021e-05, 0.01, 0.00
17.260, 6.964362e-06, 1.025021e-05, 0.01, 0.00
17.265, 6.964362e-06, 1.025021e-05, 0.01, 0.00
17.270, 6.964362e-06, 1.025021e-05, 0.01, 0.00
17.275, 6.964362e-06, 1.025021e-05, 0.01, 0.00
17.280, 6.964362e-06, 1.025021e-05, 0.01, 0.00
17.285, 6.964362e-06, 1.025021e-05, 0.01, 0.00
17.290, 6.964362e-06, 1.025021e-05, 0.01, 0.00
17.295, 6.964362e-06, 1.025021e-05, 0.01, 0.00
17.300, 6.964362e-06, 1.025021e-05, 0.01, 0.00
17.305, 6.964362e-06, 1.025021e-05, 0.01, 0.00
17.310, 6.964362e-06, 1.025021e-05, 0.01, 0.00
17.315, 6.964362e-06, 1.025021e-05, 0.01, 0.00
17.320, 6.964362e-06, 1.025021e-05, 0.01, 0.00
17.325, 6.964362e-06, 1.025021e-05, 0.01, 0.00
17.330, 6.964362e-06, 1.025021e-05, 0.01, 0.00
17.335, 6.964362e-06, 1.025021e-05, 0.01, 0.00
17.340, 6.964362e-06, 1.025021e-05, 0.01, 0.00
17.345, 6.964362e-06, 1.025021e-05, 0.01, 0.00
17.350, 6.964362e-06, 1.025021e-05, 0.01, 0.00
17.355, 6.964362e-06, 1.025021e-05, 0.01, 0.00
17.360, 6.964362e-06, 1.025021e-05, 0.01, 0.00
17.365, 6.964362e-06, 1.025021e-05, 0.01, 0.00
17.370, 6.964362e-06, 1.025021e-05, 0.01, 0.00
17.375, 6.964362e-06, 1.025021e-05, 0.01, 0.00
17.380, 6.964362e-06, 1.025021e-05, 0.01, 0.00
17.385, 6.964362e-06, 1.025021e-05, 0.01, 0.00
17.390, 6.964362e-06, 1.025021e-05, 0.01, 0.00
17.395, 6.964362e-06, 1.025021e-05, 0.01, 0.00
17.400, 6.964362e-06, 1.025021e-05, 0.01, 0.00
17.405, 6.964362e-06, 1.025021e-05, 0.01, 0.00
17.410, 6.964362e-06, 1.025021e-05, 0.01, 0.00
17.415, 6.964362e-06, 1.025021e-05, 0.01, 0.00
17.420, 6.964362e-06, 1.025021e-05, 0.01, 0.00
17.425, 6.964362e-06, 1.025021e-05, 0.01, 0.00
17.430, 6.964362e-06, 1.025021e-05, 0.01, 0.00
17.435, 6.964362e-06, 1.025021e-05, 0.01, 0.00
17.440, 6.964362e-06, 1.025021e-05, 0.01, 0.00
17.445, 6.964362e-06, 1.025021e-05, 0.01, 0.00
17.450, 6.964362e-06, 1.025021e-05, 0.01, 0.00
17.455, 6.964362e-06, 1.025021e-05, 0.01, 0.00
17.460, 6.964362e-06, 1.025021e-05, 0.01, 0.00
17.465, 6.964362e-06, 1.025021e-05, 0.01, 0.00
17.470, 6.964362e-06, 1.025021e-05, 0.01, 0.00
17.475, 6.964362e-06, 1.025021e-05, 0.01, 0.00
17.480, 6.964362e-06, 1.025021e-05, 0.01, 0.00
17.485, 6.964362e-06, 1.025021e-05, 0.01, 0.00
17.490, 6.964362e-06, 1.025021e-05, 0.01, 0.00
17.495, 6.964362e-06, 1.025021e-05, 0.01, 0.00
17.500, 6.964362e-06, 1.025021e-05, 0.01, 0.00
17.505, 6.964362e-06, 1.025021e-05, 0.01, 0.00
17.510, 6.964362e-06, 1.025021e-05, 0.01, 0.00
17.515, 6.964362e-06, 1.025021e-05, 0.01, 0.00
17.520, 6.964362e-06, 1.025021e-05, 0.01, 0.00
17.525, 6.964362e-06, 1.025021e-05, 0.01, 0.00
17.530, 6.964362e-06, 1.025021e-05, 0.01, 0.00
17.535, 6.964362e-06, 1.025021e-05, 0.01, 0.00
17.540, 6.964362e-06, 1.025021e-05, 0.01, 0.00
17.545, 6.964362e-06, 1.025021e-05, 0.01, 0.00
17.550, 6.964362e-06, 1.025021e-05, 0.01, 0.00
17.555, 6.964362e-06, 1.025021e-05, 0.01, 0.00
17.560, 6.964362e-06, 1.025021e-05, 0.01, 0.00
17.565, 6.964362e-06, 1.025021e-05, 0.01, 0.00
17.570, 6.964362e-06, 1.025021e-05, 0.01, 0.00
17.575, 6.964362e-06, 1.025021e-05, 0.01, 0.00
17.580, 6.964362e-06, 1.025021e-05, 0.01, 0.00
17.585, 6.964362e-06, 1.025021e-05, 0.01, 0.00
17.590, 6.964362e-06, 1.025021e-05, 0.01, 0.00
17.595, 6.964362e-06, 1.025021e-05, 0.01, 0.00
17.600, 6.964362e-06, 1.025021e-05, 0.01, 0.00
17.605, 6.964362e-06, 1.025021e-05, 0.01, 0.00
17.610, 6.964362e-06, 1.025021e-05, 0.01, 0.00
17.615, 6.964362e-06, 1.025021e-05, 0.01, 0.00
17.620, 6.964362e-06, 1.025021e-05, 0.01, 0.00
17.625, 6.964362e-06, 1.025021e-05, 0.01, 0.00
17.630, 6.964362e-06, 1.025021e-05, 0.01, 0.00
17.635, 6.964362e-06, 1.025021e-05, 0.01, 0.00
17.640, 6.964362e-06, 1.025021e-05, 0.01, 0.00
17.645, 6.964362e-06, 1.025021e-05, 0.01, 0.00
17.650, 6.964362e-06, 1.025021e-05, 0.01, 0.00
17.655, 6.964362e-06, 1.025021e-05, 0.01, 0.00
17.660, 6.964362e-06, 1.025021e-05, 0.01, 0.00
17.665, 6.964362e-06, 1.025021e-05, 0.01, 0.00
17.670, 6.964362e-06, 1.025021e-05, 0.01, 0.00
17.675, 6.964362e-06, 1.025021e-05, 0.01, 0.00
17.680, 6.964362e-06, 1.025021e-05, 0.01, 0.00
17.685, 6.964362e-06, 1.025021e-05, 0.01, 0.00
17.690, 6.964362e-06, 1.025021e-05, 0.01, 0.00
17.695, 6.964362e-06, 1.025021e-05, 0.01, 0.00
17.700, 6.964362e-06, 1.025021e-05, 0.01, 0.00
17.705, 6.964362e-06, 1.025021e-05, 0.01, 0.00
17.710, 6.964362e-06, 1.025021e-05, 0.01, 0.00
17.715, 6.964362e-06, 1.025021e-05, 0.01, 0.00
17.720, 6.964362e-06, 1.025021e-05, 0.01, 0.00
17.725, 6.964362e-06, 1.025021e-05, 0.01, 0.00
17.730, 6.964362e-06, 1.025021e-05, 0.01, 0.00
17.735, 6.964362e-06, 1.025021e-05, 0.01, 0.00
17.740, 6.964362e-06, 1.025021e-05, 0.01, 0.00
17.745, 6.964362e-06, 1.025021e-05, 0.01, 0.00
17.750, 6.964362e-06, 1.025021e-05, 0.01, 0.00
17.755, 6.964362e-06, 1.025021e-05, 0.01, 0.00
17.760, 6.964362e-06, 1.025021e-05, 0.01, 0.00
17.765, 6.964362e-06, 1.025021e-05, 0.01, 0.00
17.770, 6.964362e-06, 1.025021e-05, 0.01, 0.00
17.775, 6.964362e-06, 1.025021e-05, 0.01, 0.00
17.780, 6.964362e-06, 1.025021e-05, 0.01, 0.00
17.785, 6.964362e-06, 1.025021e-05, 0.01, 0.00
17.790, 6.964362e-06, 1.025021e-05, 0.01, 0.00
17.795, 6.964362e-06, 1.025021e-05, 0.01, 0.00
17.800, 6.964362e-06, 1.025021e-05, 0.01, 0.00
17.805, 6.964362e-06, 1.025021e-05, 0.01, 0.00
17.810, 6.964362e-06, 1.025021e-05, 0.01, 0.00
17.815, 6.964362e-06, 1.025021e-05, 0.01, 0.00
17.820, 6.964362e-06, 1.025021e-05, 0.01, 0.00
17.825, 6.964362e-06, 1.025021e-05, 0.01, 0.00
17.830, 6.964362e-06, 1.025021e-05, 0.01, 0.00
17.835, 6.964362e-06, 1.025021e-05, 0.01, 0.00
17.840, 6.964362e-06, 1.025021e-05, 0.01, 0.00
17.845, 6.964362e-06, 1.025021e-05, 0.01, 0.00
17.850, 6.964362e-06, 1.025021e-05, 0.01, 0.00
17.855, 6.964362e-06, 1.025021e-05, 0.01, 0.00
17.860, 6.964362e-06, 1.025021e-05, 0.01, 0.00
17.865, 6.964362e-06, 1.025021e-05, 0.01, 0.00
17.870, 6.964362e-06, 1.025021e-05, 0.01, 0.00
17.875, 6.964362e-06, 1.025021e-05, 0.01, 0.00
17.880, 6.964362e-06, 1.025021e-05, 0.01, 0.00
17.885, 6.964362e-06, 1.025021e-05, 0.01, 0.00
17.890, 6.964362e-06, 1.025021e-05, 0.01, 0.00
17.895, 6.964362e-06, 1.025021e-05, 0.01, 0.00
17.900, 6.964362e-06, 1.025021e-05, 0.01, 0.00
17.905, 6.964362e-06, 1.025021e-05, 0.01, 0.00
17.910, 6.964362e-06, 1.025021e-05, 0.01, 0.00
17.915, 6.964362e-06, 1.025021e-05, 0.01, 0.00
17.920, 6.964362e-06, 1.025021e-05, 0.01, 0.00
17.925, 6.964362e-06, 1.025021e-05, 0.01, 0.00
17.930, 6.964362e-06, 1.025021e-05, 0.01, 0.00
17.935, 6.964362e-06, 1.025021e-05, 0.01, 0.00
17.940, 6.964362e-06, 1.025021e-05, 0.01, 0.00
17.945, 6.964362e-06, 1.025021e-05, 0.01, 0.00
17.950, 6.964362e-06, 1.025021e-05, 0.01, 0.00
17.955, 6.964362e-06, 1.025021e-05, 0.01, 0.00
17.960, 6.964362e-06, 1.025021e-05, 0.01, 0.00
17.965, 6.964362e-06, 1.025021e-05, 0.01, 0.00
17.970, 6.964362e-06, 1.025021e-05, 0.01, 0.00
17.975, 6.964362e-06, 1.025021e-05, 0.01, 0.00
17.980, 6.964362e-06, 1.025021e-05, 0.01, 0.00
17.985, 6.964362e-06, 1.025021e-05, 0.01, 0.00
17.990, 6.964362e-06, 1.025021e-05, 0.01, 0.00
17.995, 6.964362e-06, 1.025021e-05, 0.01, 0.00
18.000, 6.964362e-06, 1.025021e-05, 0.01, 0.00
18.005, 6.964362e-06, 1.025021e-05, 0.01, 0.00
18.010, 6.964362e-06, 1.025021e-05, 0.01, 0.00
18.015, 6.964362e-06, 1.025021e-05, 0.01, 0.00
18.020, 6.964362e-06, 1.025021e-05, 0.01, 0.00
18.025, 6.964362e-06, 1.025021e-05, 0.01, 0.00
18.030, 6.964362e-06, 1.025021e-05, 0.01, 0.00
18.035, 6.964362e-06, 1.025021e-05, 0.01, 0.00
18.040, 6.964362e-06, 1.025021e-05, 0.01, 0.00
18.045, 6.964362e-06, 1.025021e-05, 0.01, 0.00
18.050, 6.964362e-06, 1.025021e-05, 0.01, 0.00
18.055, 6.964362e-06, 1.025021e-05, 0.01, 0.00
18.060, 6.964362e-06, 1.025021e-05, 0.01, 0.00
18.065, 6.964362e-06, 1.025021e-05, 0.01, 0.00
18.070, 6.964362e-06, 1.025021e-05, 0.01, 0.00
18.075, 6.964362e-06, 1.025021e-05, 0.01, 0.00
18.080, 6.964362e-06, 1.025021e-05, 0.01, 0.00
18.085, 6.964362e-06, 1.025021e-05, 0.01, 0.00
18.090, 6.964362e-06, 1.025021e-05, 0.01, 0.00
18.095, 6.964362e-06, 1.025021e-05, 0.01, 0.00
18.100, 6.964362e-06, 1.025021e-05, 0.01, 0.00
18.105, 6.964362e-06, 1.025021e-05, 0.01, 0.00
18.110, 6.964362e-06, 1.025021e-05, 0.01, 0.00
18.115, 6.964362e-06, 1.025021e-05, 0.01, 0.00
18.120, 6.964362e-06, 1.025021e-05, 0.01, 0.00
18.125, 6.964362e-06, 1.025021e-05, 0.01, 0.00
18.130, 6.964362e-06, 1.025021e-05, 0.01, 0.00
18.135, 6.964362e-06, 1.025021e-05, 0.01, 0.00
18.140, 6.964362e-06, 1.025021e-05, 0.01, 0.00
18.145, 6.964362e-06, 1.025021e-05, 0.01, 0.00
18.150, 6.964362e-06, 1.025021e-05, 0.01, 0.00
18.155, 6.964362e-06, 1.025021e-05, 0.01, 0.00
18.160, 6.964362e-06, 1.025021e-05, 0.01, 0.00
18.165, 6.964362e-06, 1.025021e-05, 0.01, 0.00
18.170, 6.964362e-06, 1.025021e-05, 0.01, 0.00
18.175, 6.964362e-06, 1.025021e-05, 0.01, 0.00
18.180, 6.964362e-06, 1.025021e-05, 0.01, 0.00
18.185, 6.964362e-06, 1.025021e-05, 0.01, 0.00
18.190, 6.964362e-06, 1.025021e-05, 0.01, 0.00
18.195, 6.964362e-06, 1.025021e-05, 0.01, 0.00
18.200, 6.964362e-06, 1.025021e-05, 0.01, 0.00
18.205, 6.964362e-06, 1.025021e-05, 0.01, 0.00
18.210, 6.964362e-06, 1.025021e-05, 0.01, 0.00
18.215, 6.964362e-06, 1.025021e-05, 0.01, 0.00
18.220, 6.964362e-06, 1.025021e-05, 0.01, 0.00
18.225, 6.964362e-06, 1.025021e-05, 0.01, 0.00
18.230, 6.964362e-06, 1.025021e-05, 0.01, 0.00
18.235, 6.964362e-06, 1.025021e-05, 0.01, 0.00
18.240, 6.964362e-06, 1.025021e-05, 0.01, 0.00
18.245, 6.964362e-06, 1.025021e-05, 0.01, 0.00
18.250, 6.964362e-06, 1.025021e-05, 0.01, 0.00
18.255, 6.964362e-06, 1.025021e-05, 0.01, 0.00
18.260, 6.964362e-06, 1.025021e-05, 0.01, 0.00
18.265, 6.964362e-06, 1.025021e-05, 0.01, 0.00
18.270, 6.964362e-06, 1.025021e-05, 0.01, 0.00
18.275, 6.964362e-06, 1.025021e-05, 0.01, 0.00
18.280, 6.964362e-06, 1.025021e-05, 0.01, 0.00
18.285, 6.964362e-06, 1.025021e-05, 0.01, 0.00
18.290, 6.964362e-06, 1.025021e-05, 0.01, 0.00
18.295, 6.964362e-06, 1.025021e-05, 0.01, 0.00
18.300, 6.964362e-06, 1.025021e-05, 0.01, 0.00
18.305, 6.964362e-06, 1.025021e-05, 0.01, 0.00
18.310, 6.964362e-06, 1.025021e-05, 0.01, 0.00
18.315, 6.964362e-06, 1.025021e-05, 0.01, 0.00
18.320, 6.964362e-06, 1.025021e-05, 0.01, 0.00
18.325, 6.964362e-06, 1.025021e-05, 0.01, 0.00
18.330, 6.964362e-06, 1.025021e-05, 0.01, 0.00
18.335, 6.964362e-06, 1.025021e-05, 0.01, 0.00
18.340, 6.964362e-06, 1.025021e-05, 0.01, 0.00
18.345, 6.964362e-06, 1.025021e-05, 0.01, 0.00
18.350, 6.964362e-06, 1.025021e-05, 0.01, 0.00
18.355, 6.964362e-06, 1.025021e-05, 0.01, 0.00
18.360, 6.964362e-06, 1.025021e-05, 0.01, 0.00
18.365, 6.964362e-06, 1.025021e-05, 0.01, 0.00
18.370, 6.964362e-06, 1.025021e-05, 0.01, 0.00
18.375, 6.964362e-06, 1.025021e-05, 0.01, 0.00
18.380, 6.964362e-06, 1.025021e-05, 0.01, 0.00
18.385, 6.964362e-06, 1.025021e-05, 0.01, 0.00
18.390, 6.964362e-06, 1.025021e-05, 0.01, 0.00
18.395, 6.964362e-06, 1.025021e-05, 0.01, 0.00
18.400, 6.964362e-06, 1.025021e-05, 0.01, 0.00
18.405, 6.964362e-06, 1.025021e-05, 0.01, 0.00
18.410, 6.964362e-06, 1.025021e-05, 0.01, 0.00
18.415, 6.964362e-06, 1.025021e-05, 0.01, 0.00
18.420, 6.964362e-06, 1.025021e-05, 0.01, 0.00
18.425, 6.964362e-06, 1.025021e-05, 0.01, 0.00
18.430, 6.964362e-06, 1.025021e-05, 0.01, 0.00
18.435, 6.964362e-06, 1.025021e-05, 0.01, 0.00
18.440, 6.964362e-06, 1.025021e-05, 0.01, 0.00
18.445, 6.964362e-06, 1.025021e-05, 0.01, 0.00
18.450, 6.964362e-06, 1.025021e-05, 0.01, 0.00
18.455, 6.964362e-06, 1.025021e-05, 0.01, 0.00
18.460, 6.964362e-06, 1.025021e-05, 0.01, 0.00
18.465, 6.964362e-06, 1.025021e-05, 0.01, 0.00
18.470, 6.964362e-06, 1.025021e-05, 0.01, 0.00
18.475, 6.964362e-06, 1.025021e-05, 0.01, 0.00
18.480, 6.964362e-06, 1.025021e-05, 0.01, 0.00
18.485, 6.964362e-06, 1.025021e-05, 0.01, 0.00
18.490, 6.964362e-06, 1.025021e-05, 0.01, 0.00
18.495, 6.964362e-06, 1.025021e-05, 0.01, 0.00
18.500, 6.964362e-06, 1.025021e-05, 0.01, 0.00
18.505, 6.964362e-06, 1.025021e-05, 0.01, 0.00
18.510, 6.964362e-06, 1.025021e-05, 0.01, 0.00
18.515, 6.964362e-06, 1.025021e-05, 0.01, 0.00
18.520, 6.964362e-06, 1.025021e-05, 0.01, 0.00
18.525, 6.964362e-06, 1.025021e-05, 0.01, 0.00
18.530, 6.964362e-06, 1.025021e-05, 0.01, 0.00
18.535, 6.964362e-06, 1.025021e-05, 0.01, 0.00
18.540, 6.964362e-06, 1.025021e-05, 0.01, 0.00
18.545, 6.964362e-06, 1.025021e-05, 0.01, 0.00
18.550, 6.964362e-06, 1.025021e-05, 0.01, 0.00
18.555, 6.964362e-06, 1.025021e-05, 0.01, 0.00
18.560, 6.964362e-06, 1.025021e-05, 0.01, 0.00
18.565, 6.964362e-06, 1.025021e-05, 0.01, 0.00
18.570, 6.964362e-06, 1.025021e-05, 0.01, 0.00
18.575, 6.964362e-06, 1.025021e-05, 0.01, 0.00
18.580, 6.964362e-06, 1.025021e-05, 0.01, 0.00
18.585, 6.964362e-06, 1.025021e-05, 0.01, 0.00
18.590, 6.964362e-06, 1.025021e-05, 0.01, 0.00
18.595, 6.964362e-06, 1.025021e-05, 0.01, 0.00
18.600, 6.964362e-06, 1.025021e-05, 0.01, 0.00
18.605, 6.964362e-06, 1.025021e-05, 0.01, 0.00
18.610, 6.964362e-06, 1.025021e-05, 0.01, 0.00
18.615, 6.964362e-06, 1.025021e-05, 0.01, 0.00
18.620, 6.964362e-06, 1.025021e-05, 0.01, 0.00
18.625, 6.964362e-06, 1.025021e-05, 0.01, 0.00
18.630, 6.964362e-06, 1.025021e-05, 0.01, 0.00
18.635, 6.964362e-06, 1.025021e-05, 0.01, 0.00
18.640, 6.964362e-06, 1.025021e-05, 0.01, 0.00
18.645, 6.964362e-06, 1.025021e-05, 0.01, 0.00
18.650, 6.964362e-06, 1.025021e-05, 0.01, 0.00
18.655, 6.964362e-06, 1.025021e-05, 0.01, 0.00
18.660, 6.964362e-06, 1.025021e-05, 0.01, 0.00
18.665, 6.964362e-06, 1.025021e-05, 0.01, 0.00
18.670, 6.964362e-06, 1.025021e-05, 0.01, 0.00
18.675, 6.964362e-06, 1.025021e-05, 0.01, 0.00
18.680, 6.964362e-06, 1.025021e-05, 0.01, 0.00
18.685, 6.964362e-06, 1.025021e-05, 0.01, 0.00
18.690, 6.964362e-06, 1.025021e-05, 0.01, 0.00
18.695, 6.964362e-06, 1.025021e-05, 0.01, 0.00
18.700, 6.964362e-06, 1.025021e-05, 0.01, 0.00
18.705, 6.964362e-06, 1.025021e-05, 0.01, 0.00
18.710, 6.964362e-06, 1.025021e-05, 0.01, 0.00
18.715, 6.964362e-06, 1.025021e-05, 0.01, 0.00
18.720, 6.964362e-06, 1.025021e-05, 0.01, 0.00
18.725, 6.964362e-06, 1.025021e-05, 0.01, 0.00
18.730, 6.964362e-06, 1.025021e-05, 0.01, 0.00
18.735, 6.964362e-06, 1.025021e-05, 0.01, 0.00
18.740, 6.964362e-06, 1.025021e-05, 0.01, 0.00
18.745, 6.964362e-06, 1.025021e-05, 0.01, 0.00
18.750, 6.964362e-06, 1.025021e-05, 0.01, 0.00
18.755, 6.964362e-06, 1.025021e-05, 0.01, 0.00
18.760, 6.964362e-06, 1.025021e-05, 0.01, 0.00
18.765, 6.964362e-06, 1.025021e-05, 0.01, 0.00
18.770, 6.964362e-06, 1.025021e-05, 0.01, 0.00
18.775, 6.964362e-06, 1.025021e-05, 0.01, 0.00
18.780, 6.964362e-06, 1.025021e-05, 0.01, 0.00
18.785, 6.964362e-06, 1.025021e-05, 0.01, 0.00
18.790, 6.964362e-06, 1.025021e-05, 0.01, 0.00
18.795, 6.964362e-06, 1.025021e-05, 0.01, 0.00
18.800, 6.964362e-06, 1.025021e-05, 0.01, 0.00
18.805, 6.964362e-06, 1.025021e-05, 0.01, 0.00
18.810, 6.964362e-06, 1.025021e-05, 0.01, 0.00
18.815, 6.964362e-06, 1.025021e-05, 0.01, 0.00
18.820, 6.964362e-06, 1.025021e-05, 0.01, 0.00
18.825, 6.964362e-06, 1.025021e-05, 0.01, 0.00
18.830, 6.964362e-06, 1.025021e-05, 0.01, 0.00
18.835, 6.964362e-06, 1.025021e-05, 0.01, 0.00
18.840, 6.964362e-06, 1.025021e-05, 0.01, 0.00
18.845, 6.964362e-06, 1.025021e-05, 0.01, 0.00
18.850, 6.964362e-06, 1.025021e-05, 0.01, 0.00
18.855, 6.964362e-06, 1.025021e-05, 0.01, 0.00
18.860, 6.964362e-06, 1.025021e-05, 0.01, 0.00
18.865, 6.964362e-06, 1.025021e-05, 0.01, 0.00
18.870, 6.964362e-06, 1.025021e-05, 0.01, 0.00
18.875, 6.964362e-06, 1.025021e-05, 0.01, 0.00
18.880, 6.964362e-06, 1.025021e-05, 0.01, 0.00
18.885, 6.964362e-06, 1.025021e-05, 0.01, 0.00
18.890, 6.964362e-06, 1.025021e-05, 0.01, 0.00
18.895, 6.964362e-06, 1.025021e-05, 0.01, 0.00
18.900, 6.964362e-06, 1.025021e-05, 0.01, 0.00
18.905, 6.964362e-06, 1.025021e-05, 0.01, 0.00
18.910, 6.964362e-06, 1.025021e-05, 0.01, 0.00
18.915, 6.964362e-06, 1.025021e-05, 0.01, 0.00
18.920, 6.964362e-06, 1.025021e-05, 0.01, 0.00
18.925, 6.964362e-06, 1.025021e-05, 0.01, 0.00
18.930, 6.964362e-06, 1.025021e-05, 0.01, 0.00
18.935, 6.964362e-06, 1.025021e-05, 0.01, 0.00
18.940, 6.964362e-06, 1.025021e-05, 0.01, 0.00
18.945, 6.964362e-06, 1.025021e-05, 0.01, 0.00
18.950, 6.964362e-06, 1.025021e-05, 0.01, 0.00
18.955, 6.964362e-06, 1.025021e-05, 0.01, 0.00
18.960, 6.964362e-06, 1.025021e-05, 0.01, 0.00
18.965, 6.964362e-06, 1.025021e-05, 0.01, 0.00
18.970, 6.964362e-06, 1.025021e-05, 0.01, 0.00
18.975, 6.964362e-06, 1.025021e-05, 0.01, 0.00
18.980, 6.964362e-06, 1.025021e-05, 0.01, 0.00
18.985, 6.964362e-06, 1.025021e-05, 0.01, 0.00
18.990, 6.964362e-06, 1.025021e-05, 0.01, 0.00
18.995, 6.964362e-06, 1.025021e-05, 0.01, 0.00
19.000, 6.964362e-06, 1.025021e-05, 0.01, 0.00
19.005, 6.964362e-06, 1.025021e-05, 0.01, 0.00
19.010, 6.964362e-06, 1.025021e-05, 0.01, 0.00
19.015, 6.964362e-06, 1.025021e-05, 0.01, 0.00
19.020, 6.964362e-06, 1.025021e-05, 0.01, 0.00
19.025, 6.964362e-06, 1.025021e-05, 0.01, 0.00
19.030, 6.964362e-06, 1.025021e-05, 0.01, 0.00
19.035, 6.964362e-06, 1.025021e-05, 0.01, 0.00
19.040, 6.964362e-06, 1.025021e-05, 0.01, 0.00
19.045, 6.964362e-06, 1.025021e-05, 0.01, 0.00
19.050, 6.964362e-06, 1.025021e-05, 0.01, 0.00
19.055, 6.964362e-06, 1.025021e-05, 0.01, 0.00
19.060, 6.964362e-06, 1.025021e-05, 0.01, 0.00
19.065, 6.964362e-06, 1.025021e-05, 0.01, 0.00
19.070, 6.964362e-06, 1.025021e-05, 0.01, 0.00
19.075, 6.964362e-06, 1.025021e-05, 0.01, 0.00
19.080, 6.964362e-06, 1.025021e-05, 0.01, 0.00
19.085, 6.964362e-06, 1.025021e-05, 0.01, 0.00
19.090, 6.964362e-06, 1.025021e-05, 0.01, 0.00
19.095, 6.964362e-06, 1.025021e-05, 0.01, 0.00
19.100, 6.964362e-06, 1.025021e-05, 0.01, 0.00
19.105, 6.964362e-06, 1.025021e-05, 0.01, 0.00
19.110, 6.964362e-06, 1.025021e-05, 0.01, 0.00
19.115, 6.964362e-06, 1.025021e-05, 0.01, 0.00
19.120, 6.964362e-06, 1.025021e-05, 0.01, 0.00
19.125, 6.964362e-06, 1.025021e-05, 0.01, 0.00
19.130, 6.964362e-06, 1.025021e-05, 0.01, 0.00
19.135, 6.964362e-06, 1.025021e-05, 0.01, 0.00
19.140, 6.964362e-06, 1.025021e-05, 0.01, 0.00
19.145, 6.964362e-06, 1.025021e-05, 0.01, 0.00
19.150, 6.964362e-06, 1.025021e-05, 0.01, 0.00
19.155, 6.964362e-06, 1.025021e-05, 0.01, 0.00
19.160, 6.964362e-06, 1.025021e-05, 0.01, 0.00
19.165, 6.964362e-06, 1.025021e-05, 0.01, 0.00
19.170, 6.964362e-06, 1.025021e-05, 0.01, 0.00
19.175, 6.964362e-06, 1.025021e-05, 0.01, 0.00
19.180, 6.964362e-06, 1.025021e-05, 0.01, 0.00
19.185, 6.964362e-06, 1.025021e-05, 0.01, 0.00
19.190, 6.964362e-06, 1.025021e-05, 0.01, 0.00
19.195, 6.964362e-06, 1.025021e-05, 0.01, 0.00
19.200, 6.964362e-06, 1.025021e-05, 0.01, 0.00
19.205, 6.964362e-06, 1.025021e-05, 0.01, 0.00
19.210, 6.964362e-06, 1.025021e-05, 0.01, 0.00
19.215, 6.964362e-06, 1.025021e-05, 0.01, 0.00
19.220, 6.964362e-06, 1.025021e-05, 0.01, 0.00
19.225, 6.964362e-06, 1.025021e-05, 0.01, 0.00
19.230, 6.964362e-06, 1.025021e-05, 0.01, 0.00
19.235, 6.964362e-06, 1.025021e-05, 0.01, 0.00
19.240, 6.964362e-06, 1.025021e-05, 0.01, 0.00
19.245, 6.964362e-06, 1.025021e-05, 0.01, 0.00
19.250, 6.964362e-06, 1.025021e-05, 0.01, 0.00
19.255, 6.964362e-06, 1.025021e-05, 0.01, 0.00
19.260, 6.964362e-06, 1.025021e-05, 0.01, 0.00
19.265, 6.964362e-06, 1.025021e-05, 0.01, 0.00
19.270, 6.964362e-06, 1.025021e-05, 0.01, 0.00
19.275, 6.964362e-06, 1.025021e-05, 0.01, 0.00
19.280, 6.964362e-06, 1.025021e-05, 0.01, 0.00
19.285, 6.964362e-06, 1.025021e-05, 0.01, 0.00
19.290, 6.964362e-06, 1.025021e-05, 0.01, 0.00
19.295, 6.964362e-06, 1.025021e-05, 0.01, 0.00
19.300, 6.964362e-06, 1.025021e-05, 0.01, 0.00
19.305, 6.964362e-06, 1.025021e-05, 0.01, 0.00
19.310, 6.964362e-06, 1.025021e-05, 0.01, 0.00
19.315, 6.964362e-06, 1.025021e-05, 0.01, 0.00
19.320, 6.964362e-06, 1.025021e-05, 0.01, 0.00
19.325, 6.964362e-06, 1.025021e-05, 0.01, 0.00
19.330, 6.964362e-06, 1.025021e-05, 0.01, 0.00
19.335, 6.964362e-06, 1.025021e-05, 0.01, 0.00
19.340, 6.964362e-06, 1.025021e-05, 0.01, 0.00
19.345, 6.964362e-06, 1.025021e-05, 0.01, 0.00
19.350, 6.964362e-06, 1.025021e-05, 0.01, 0.00
19.355, 6.964362e-06, 1.025021e-05, 0.01, 0.00
19.360, 6.964362e-06, 1.025021e-05, 0.01, 0.00
19.365, 6.964362e-06, 1.025021e-05, 0.01, 0.00
19.370, 6.964362e-06, 1.025021e-05, 0.01, 0.00
19.375, 6.964362e-06, 1.025021e-05, 0.01, 0.00
19.380, 6.964362e-06, 1.025021e-05, 0.01, 0.00
19.385, 6.964362e-06, 1.025021e-05, 0.01, 0.00
19.390, 6.964362e-06, 1.025021e-05, 0.01, 0.00
19.395, 6.964362e-06, 1.025021e-05, 0.01, 0.00
19.400, 6.964362e-06, 1.025021e-05, 0.01, 0.00
19.405, 6.964362e-06, 1.025021e-05, 0.01, 0.00
19.410, 6.964362e-06, 1.025021e-05, 0.01, 0.00
19.415, 6.964362e-06, 1.025021e-05, 0.01, 0.00
19.420, 6.964362e-06, 1.025021e-05, 0.01, 0.00
19.425, 6.964362e-06, 1.025021e-05, 0.01, 0.00
19.430, 6.964362e-06, 1.025021e-05, 0.01, 0.00
19.435, 6.964362e-06, 1.025021e-05, 0.01, 0.00
19.440, 6.964362e-06, 1.025021e-05, 0.01, 0.00
19.445, 6.964362e-06, 1.025021e-05, 0.01, 0.00
19.450, 6.964362e-06, 1.025021e-05, 0.01, 0.00
19.455, 6.964362e-06, 1.025021e-05, 0.01, 0.00
19.460, 6.964362e-06, 1.025021e-05, 0.01, 0.00
19.465, 6.964362e-06, 1.025021e-05, 0.01, 0.00
19.470, 6.964362e-06, 1.025021e-05, 0.01, 0.00
19.475, 6.964362e-06, 1.025021e-05, 0.01, 0.00
19.480, 6.964362e-06, 1.025021e-05, 0.01, 0.00
19.485, 6.964362e-06, 1.025021e-05, 0.01, 0.00
19.490, 6.964362e-06, 1.025021e-05, 0.01, 0.00
19.495, 6.964362e-06, 1.025021e-05, 0.01, 0.00
19.500, 6.964362e-06, 1.025021e-05, 0.01, 0.00
19.505, 6.964362e-06, 1.025021e-05, 0.01, 0.00
19.510, 6.964362e-06, 1.025021e-05, 0.01, 0.00
19.515, 6.964362e-06, 1.025021e-05, 0.01, 0.00
19.520, 6.964362e-06, 1.025021e-05, 0.01, 0.00
19.525, 6.964362e-06, 1.025021e-05, 0.01, 0.00
19.530, 6.964362e-06, 1.025021e-05, 0.01, 0.00
19.535, 6.964362e-06, 1.025021e-05, 0.01, 0.00
19.540, 6.964362e-06, 1.025021e-05, 0.01, 0.00
19.545, 6.964362e-06, 1.025021e-05, 0.01, 0.00
19.550, 6.964362e-06, 1.025021e-05, 0.01, 0.00
19.555, 6.964362e-06, 1.025021e-05, 0.01, 0.00
19.560, 6.964362e-06, 1.025021e-05, 0.01, 0.00
19.565, 6.964362e-06, 1.025021e-05, 0.01, 0.00
19.570, 6.964362e-06, 1.025021e-05, 0.01, 0.00
19.575, 6.964362e-06, 1.025021e-05, 0.01, 0.00
19.580, 6.964362e-06, 1.025021e-05, 0.01, 0.00
19.585, 6.964362e-06, 1.025021e-05, 0.01, 0.00
19.590, 6.964362e-06, 1.025021e-05, 0.01, 0.00
19.595, 6.964362e-06, 1.025021e-05, 0.01, 0.00
19.600, 6.964362e-06, 1.025021e-05, 0.01, 0.00
19.605, 6.964362e-06, 1.025021e-05, 0.01, 0.00
19.610, 6.964362e-06, 1.025021e-05, 0.01, 0.00
19.615, 6.964362e-06, 1.025021e-05, 0.01, 0.00
19.620, 6.964362e-06, 1.025021e-05, 0.01, 0.00
19.625, 6.964362e-06, 1.025021e-05, 0.01, 0.00
19.630, 6.964362e-06, 1.025021e-05, 0.01, 0.00
19.635, 6.964362e-06, 1.025021e-05, 0.01, 0.00
19.640, 6.964362e-06, 1.025021e-05, 0.01, 0.00
19.645, 6.964362e-06, 1.025021e-05, 0.01, 0.00
19.650, 6.964362e-06, 1.025021e-05, 0.01, 0.00
19.655, 6.964362e-06, 1.025021e-05, 0.01, 0.00
19.660, 6.964362e-06, 1.025021e-05, 0.01, 0.00
19.665, 6.964362e-06, 1.025021e-05, 0.01, 0.00
19.670, 6.964362e-06, 1.025021e-05, 0.01, 0.00
19.675, 6.964362e-06, 1.025021e-05, 0.01, 0.00
19.680, 6.964362e-06, 1.025021e-05, 0.01, 0.00
19.685, 6.964362e-06, 1.025021e-05, 0.01, 0.00
19.690, 6.964362e-06, 1.025021e-05, 0.01, 0.00
19.695, 6.964362e-06, 1.025021e-05, 0.01, 0.00
19.700, 6.964362e-06, 1.025021e-05, 0.01, 0.00
19.705, 6.964362e-06, 1.025021e-05, 0.01, 0.00
19.710, 6.964362e-06, 1.025021e-05, 0.01, 0.00
19.715, 6.964362e-06, 1.025021e-05, 0.01, 0.00
19.720, 6.964362e-06, 1.025021e-05, 0.01, 0.00
19.725, 6.964362e-06, 1.025021e-05, 0.01, 0.00
19.730, 6.964362e-06, 1.025021e-05, 0.01, 0.00
19.735, 6.964362e-06, 1.025021e-05, 0.01, 0.00
19.740, 6.964362e-06, 1.025021e-05, 0.01, 0.00
19.745, 6.964362e-06, 1.025021e-05, 0.01, 0.00
19.750, 6.964362e-06, 1.025021e-05, 0.01, 0.00
19.755, 6.964362e-06, 1.025021e-05, 0.01, 0.00
19.760, 6.964362e-06, 1.025021e-05, 0.01, 0.00
19.765, 6.964362e-06, 1.025021e-05, 0.01, 0.00
19.770, 6.964362e-06, 1.025021e-05, 0.01, 0.00
19.775, 6.964362e-06, 1.025021e-05, 0.01, 0.00
19.780, 6.964362e-06, 1.025021e-05, 0.01, 0.00
19.785, 6.964362e-06, 1.025021e-05, 0.01, 0.00
19.790, 6.964362e-06, 1.025021e-05, 0.01, 0.00
19.795, 6.964362e-06, 1.025021e-05, 0.01, 0.00
19.800, 6.964362e-06, 1.025021e-05, 0.01, 0.00
19.805, 6.964362e-06, 1.025021e-05, 0.01, 0.00
19.810, 6.964362e-06, 1.025021e-05, 0.01, 0.00
19.815, 6.964362e-06, 1.025021e-05, 0.01, 0.00
19.820, 6.964362e-06, 1.025021e-05, 0.01, 0.00
19.825, 6.964362e-06, 1.025021e-05, 0.01, 0.00
19.830, 6.964362e-06, 1.025021e-05, 0.01, 0.00
19.835, 6.964362e-06, 1.025021e-05, 0.01, 0.00
19.840, 6.964362e-06, 1.025021e-05, 0.01, 0.00
19.845, 6.964362e-06, 1.025021e-05, 0.01, 0.00
19.850, 6.964362e-06, 1.025021e-05, 0.01, 0.00
19.855, 6.964362e-06, 1.025021e-05, 0.01, 0.00
19.860, 6.964362e-06, 1.025021e-05, 0.01, 0.00
19.865, 6.964362e-06, 1.025021e-05, 0.01, 0.00
19.870, 6.964362e-06, 1.025021e-05, 0.01, 0.00
19.875, 6.964362e-06, 1.025021e-05, 0.01, 0.00
19.880, 6.964362e-06, 1.025021e-05, 0.01, 0.00
19.885, 6.964362e-06, 1.025021e-05, 0.01, 0.00
19.890, 6.964362e-06, 1.025021e-05, 0.01, 0.00
19.895, 6.964362e-06, 1.025021e-05, 0.01, 0.00
19.900, 6.964362e-06, 1.025021e-05, 0.01, 0.00
19.905, 6.964362e-06, 1.025021e-05, 0.01, 0.00
19.910, 6.964362e-06, 1.025021e-05, 0.01, 0.00
19.915, 6.964362e-06, 1.025021e-05, 0.01, 0.00
19.920, 6.964362e-06, 1.025021e-05, 0.01, 0.00
19.925, 6.964362e-06, 1.025021e-05, 0.01, 0.00
19.930, 6.964362e-06, 1.025021e-05, 0.01, 0.00
19.935, 6.964362e-06, 1.025021e-05, 0.01, 0.00
19.940, 6.964362e-06, 1.025021e-05, 0.01, 0.00
19.945, 6.964362e-06, 1.025021e-05, 0.01, 0.00
19.950, 6.964362e-06, 1.025021e-05, 0.01, 0.00
19.955, 6.964362e-06, 1.025021e-05, 0.01, 0.00
19.960, 6.964362e-06, 1.025021e-05, 0.01, 0.00
19.965, 6.964362e-06, 1.025021e-05, 0.01, 0.00
19.970, 6.964362e-06, 1.025021e-05, 0.01, 0.00
19.975, 6.964362e-06, 1.025021e-05, 0.01, 0.00
19.980, 6.964362e-06, 1.025021e-05, 0.01, 0.00
19.985, 6.964362e-06, 1.025021e-05, 0.01, 0.00
19.990, 6.964362e-06, 1.025021e-05, 0.01, 0.00
19.995, 6.964362e-06, 1.025021e-05, 0.01, 0.00
20.000, 6.964362e-06, 1.025021e-05, 0.01, 0.00
20.005, 6.964362e-06, 1.025021e-05, 0.01, 0.00
20.010, 6.964362e-06, 1.025021e-05, 0.01, 0.00
20.015, 6.964362e-06, 1.025021e-05, 0.01, 0.00
20.020, 6.964362e-06, 1.025021e-05, 0.01, 0.00
20.025, 6.964362e-06, 1.025021e-05, 0.01, 0.00
20.030, 6.964362e-06, 1.025021e-05, 0.01, 0.00
20.035, 6.964362e-06, 1.025021e-05, 0.01, 0.00
20.040, 6.964362e-06, 1.025021e-05, 0.01, 0.00
20.045, 6.964362e-06, 1.025021e-05, 0.01, 0.00
20.050, 6.964362e-06, 1.025021e-05, 0.01, 0.00
20.055, 6.964362e-06, 1.025021e-05, 0.01, 0.00
20.060, 6.964362e-06, 1.025021e-05, 0.01, 0.00
20.065, 6.964362e-06, 1.025021e-05, 0.01, 0.00
20.070, 6.964362e-06, 1.025021e-05, 0.01, 0.00
20.075, 6.964362e-06, 1.025021e-05, 0.01, 0.00
20.080, 6.964362e-06, 1.025021e-05, 0.01, 0.00
20.085, 6.964362e-06, 1.025021e-05, 0.01, 0.00
20.090, 6.964362e-06, 1.025021e-05, 0.01, 0.00
20.095, 6.964362e-06, 1.025021e-05, 0.01, 0.00
20.100, 6.964362e-06, 1.025021e-05, 0.01, 0.00
20.105, 6.964362e-06, 1.025021e-05, 0.01, 0.00
20.110, 6.964362e-06, 1.025021e-05, 0.01, 0.00
20.115, 6.964362e-06, 1.025021e-05, 0.01, 0.00
20.120, 6.964362e-06, 1.025021e-05, 0.01, 0.00
20.125, 6.964362e-06, 1.025021e-05, 0.01, 0.00
20.130, 6.964362e-06, 1.025021e-05, 0.01, 0.00
20.135, 6.964362e-06, 1.025021e-05, 0.01, 0.00
20.140, 6.964362e-06, 1.025021e-05, 0.01, 0.00
20.145, 6.964362e-06, 1.025021e-05, 0.01, 0.00
20.150, 6.964362e-06, 1.025021e-05, 0.01, 0.00
20.155, 6.964362e-06, 1.025021e-05, 0.01, 0.00
20.160, 6.964362e-06, 1.025021e-05, 0.01, 0.00
20.165, 6.964362e-06, 1.025021e-05, 0.01, 0.00
20.170, 6.964362e-06, 1.025021e-05, 0.01, 0.00
20.175, 6.964362e-06, 1.025021e-05, 0.01, 0.00
20.180, 6.964362e-06, 1.025021e-05, 0.01, 0.00
20.185, 6.964362e-06, 1.025021e-05, 0.01, 0.00
20.190, 6.964362e-06, 1.025021e-05, 0.01, 0.00
20.195, 6.964362e-06, 1.025021e-05, 0.01, 0.00
20.200, 6.964362e-06, 1.025021e-05, 0.01, 0.00
20.205, 6.964362e-06, 1.025021e-05, 0.01, 0.00
20.210, 6.964362e-06, 1.025021e-05, 0.01, 0.00
20.215, 6.964362e-06, 1.025021e-05, 0.01, 0.00
20.220, 6.964362e-06, 1.025021e-05, 0.01, 0.00
20.225, 6.964362e-06, 1.025021e-05, 0.01, 0.00
20.230, 6.964362e-06, 1.025021e-05, 0.01, 0.00
20.235, 6.964362e-06, 1.025021e-05, 0.01, 0.00
20.240, 6.964362e-06, 1.025021e-05, 0.01, 0.00
20.245, 6.964362e-06, 1.025021e-05, 0.01, 0.00
20.250, 6.964362e-06, 1.025021e-05, 0.01, 0.00
20.255, 6.964362e-06, 1.025021e-05, 0.01, 0.00
20.260, 6.964362e-06, 1.025021e-05, 0.01, 0.00
20.265, 6.964362e-06, 1.025021e-05, 0.01, 0.00
20.270, 6.964362e-06, 1.025021e-05, 0.01, 0.00
20.275, 6.964362e-06, 1.025021e-05, 0.01, 0.00
20.280, 6.964362e-06, 1.025021e-05, 0.01, 0.00
20.285, 6.964362e-06, 1.025021e-05, 0.01, 0.00
20.290, 6.964362e-06, 1.025021e-05, 0.01, 0.00
20.295, 6.964362e-06, 1.025021e-05, 0.01, 0.00
20.300, 6.964362e-06, 1.025021e-05, 0.01, 0.00
20.305, 6.964362e-06, 1.025021e-05, 0.01, 0.00
20.310, 6.964362e-06, 1.025021e-05, 0.01, 0.00
20.315, 6.964362e-06, 1.025021e-05, 0.01, 0.00
20.320, 6.964362e-06, 1.025021e-05, 0.01, 0.00
20.325, 6.964362e-06, 1.025021e-05, 0.01, 0.00
20.330, 6.964362e-06, 1.025021e-05, 0.01, 0.00
20.335, 6.964362e-06, 1.025021e-05, 0.01, 0.00
20.340, 6.964362e-06, 1.025021e-05, 0.01, 0.00
20.345, 6.964362e-06, 1.025021e-05, 0.01, 0.00
20.350, 6.964362e-06, 1.025021e-05, 0.01, 0.00
20.355, 6.964362e-06, 1.025021e-05, 0.01, 0.00
20.360, 6.964362e-06, 1.025021e-05, 0.01, 0.00
20.365, 6.964362e-06, 1.025021e-05, 0.01, 0.00
20.370, 6.964362e-06, 1.025021e-05, 0.01, 0.00
20.375, 6.964362e-06, 1.025021e-05, 0.01, 0.00
20.380, 6.964362e-06, 1.025021e-05, 0.01, 0.00
20.385, 6.964362e-06, 1.025021e-05, 0.01, 0.00
20.390, 6.964362e-06, 1.025021e-05, 0.01, 0.00
20.395, 6.964362e-06, 1.025021e-05, 0.01, 0.00
20.400, 6.964362e-06, 1.025021e-05, 0.01, 0.00
20.405, 6.964362e-06, 1.025021e-05, 0.01, 0.00
20.410, 6.964362e-06, 1.025021e-05, 0.01, 0.00
20.415, 6.964362e-06, 1.025021e-05, 0.01, 0.00
20.420, 6.964362e-06, 1.025021e-05, 0.01, 0.00
20.425, 6.964362e-06, 1.025021e-05, 0.01, 0.00
20.430, 6.964362e-06, 1.025021e-05, 0.01, 0.00
20.435, 6.964362e-06, 1.025021e-05, 0.01, 0.00
20.440, 6.964362e-06, 1.025021e-05, 0.01, 0.00
20.445, 6.964362e-06, 1.025021e-05, 0.01, 0.00
20.450, 6.964362e-06, 1.025021e-05, 0.01, 0.00
20.455, 6.964362e-06, 1.025021e-05, 0.01, 0.00
20.460, 6.964362e-06, 1.025021e-05, 0.01, 0.00
20.465, 6.964362e-06, 1.025021e-05, 0.01, 0.00
20.470, 6.964362e-06, 1.025021e-05, 0.01, 0.00
20.475, 6.964362e-06, 1.025021e-05, 0.01, 0.00
20.480, 6.964362e-06, 1.025021e-05, 0.01, 0.00
20.485, 6.964362e-06, 1.025021e-05, 0.01, 0.00
20.490, 6.964362e-06, 1.025021e-05, 0.01, 0.00
20.495, 6.964362e-06, 1.025021e-05, 0.01, 0.00
20.500, 6.964362e-06, 1.025021e-05, 0.01, 0.00
20.505, 6.964362e-06, 1.025021e-05, 0.01, 0.00
20.510, 6.964362e-06, 1.025021e-05, 0.01, 0.00
20.515, 6.964362e-06, 1.025021e-05, 0.01, 0.00
20.520, 6.964362e-06, 1.025021e-05, 0.01, 0.00
20.525, 6.964362e-06, 1.025021e-05, 0.01, 0.00
20.530, 6.964362e-06, 1.025021e-05, 0.01, 0.00
20.535, 6.964362e-06, 1.025021e-05, 0.01, 0.00
20.540, 6.964362e-06, 1.025021e-05, 0.01, 0.00
20.545, 6.964362e-06, 1.025021e-05, 0.01, 0.00
20.550, 6.964362e-06, 1.025021e-05, 0.01, 0.00
20.555, 6.964362e-06, 1.025021e-05, 0.01, 0.00
20.560, 6.964362e-06, 1.025021e-05, 0.01, 0.00
20.565, 6.964362e-06, 1.025021e-05, 0.01, 0.00
20.570, 6.964362e-06, 1.025021e-05, 0.01, 0.00
20.575, 6.964362e-06, 1.025021e-05, 0.01, 0.00
20.580, 6.964362e-06, 1.025021e-05, 0.01, 0.00
20.585, 6.964362e-06, 1.025021e-05, 0.01, 0.00
20.590, 6.964362e-06, 1.025021e-05, 0.01, 0.00
20.595, 6.964362e-06, 1.025021e-05, 0.01, 0.00
20.600, 6.964362e-06, 1.025021e-05, 0.01, 0.00
20.605, 6.964362e-06, 1.025021e-05, 0.01, 0.00
20.610, 6.964362e-06, 1.025021e-05, 0.01, 0.00
20.615, 6.964362e-06, 1.025021e-05, 0.01, 0.00
20.620, 6.964362e-06, 1.025021e-05, 0.01, 0.00
20.625, 6.964362e-06, 1.025021e-05, 0.01, 0.00
20.630, 6.964362e-06, 1.025021e-05, 0.01, 0.00
20.635, 6.964362e-06, 1.025021e-05, 0.01, 0.00
20.640, 6.964362e-06, 1.025021e-05, 0.01, 0.00
20.645, 6.964362e-06, 1.025021e-05, 0.01, 0.00
20.650, 6.964362e-06, 1.025021e-05, 0.01, 0.00
20.655, 6.964362e-06, 1.025021e-05, 0.01, 0.00
20.660, 6.964362e-06, 1.025021e-05, 0.01, 0.00
20.665, 6.964362e-06, 1.025021e-05, 0.01, 0.00
20.670, 6.964362e-06, 1.025021e-05, 0.01, 0.00
20.675, 6.964362e-06, 1.025021e-05, 0.01, 0.00
20.680, 6.964362e-06, 1.025021e-05, 0.01, 0.00
20.685, 6.964362e-06, 1.025021e-05, 0.01, 0.00
20.690, 6.964362e-06, 1.025021e-05, 0.01, 0.00
20.695, 6.964362e-06, 1.025021e-05, 0.01, 0.00
20.700, 6.964362e-06, 1.025021e-05, 0.01, 0.00
20.705, 6.964362e-06, 1.025021e-05, 0.01, 0.00
20.710, 6.964362e-06, 1.025021e-05, 0.01, 0.00
20.715, 6.964362e-06, 1.025021e-05, 0.01, 0.00
20.720, 6.964362e-06, 1.025021e-05, 0.01, 0.00
20.725, 6.964362e-06, 1.025021e-05, 0.01, 0.00
20.730, 6.964362e-06, 1.025021e-05, 0.01, 0.00
20.735, 6.964362e-06, 1.025021e-05, 0.01, 0.00
20.740, 6.964362e-06, 1.025021e-05, 0.01, 0.00
20.745, 6.964362e-06, 1.025021e-05, 0.01, 0.00
20.750, 6.964362e-06, 1.025021e-05, 0.01, 0.00
20.755, 6.964362e-06, 1.025021e-05, 0.01, 0.00
20.760, 6.964362e-06, 1.025021e-05, 0.01, 0.00
20.765, 6.964362e-06, 1.025021e-05, 0.01, 0.00
20.770, 6.964362e-06, 1.025021e-05, 0.01, 0.00
20.775, 6.964362e-06, 1.025021e-05, 0.01, 0.00
20.780, 6.964362e-06, 1.025021e-05, 0.01, 0.00
20.785, 6.964362e-06, 1.025021e-05, 0.01, 0.00
20.790, 6.964362e-06, 1.025021e-05, 0.01, 0.00
20.795, 6.964362e-06, 1.025021e-05, 0.01, 0.00
20.800, 6.964362e-06, 1.025021e-05, 0.01, 0.00
20.805, 6.964362e-06, 1.025021e-05, 0.01, 0.00
20.810, 6.964362e-06, 1.025021e-05, 0.01, 0.00
20.815, 6.964362e-06, 1.025021e-05, 0.01, 0.00
20.820, 6.964362e-06, 1.025021e-05, 0.01, 0.00
20.825, 6.964362e-06, 1.025021e-05, 0.01, 0.00
20.830, 6.964362e-06, 1.025021e-05, 0.01, 0.00
20.835, 6.964362e-06, 1.025021e-05, 0.01, 0.00
20.840, 6.964362e-06, 1.025021e-05, 0.01, 0.00
20.845, 6.964362e-06, 1.025021e-05, 0.01, 0.00
20.850, 6.964362e-06, 1.025021e-05, 0.01, 0.00
20.855, 6.964362e-06, 1.025021e-05, 0.01, 0.00
20.860, 6.964362e-06, 1.025021e-05, 0.01, 0.00
20.865, 6.964362e-06, 1.025021e-05, 0.01, 0.00
20.870, 6.964362e-06, 1.025021e-05, 0.01, 0.00
20.875, 6.964362e-06, 1.025021e-05, 0.01, 0.00
20.880, 6.964362e-06, 1.025021e-05, 0.01, 0.00
20.885, 6.964362e-06, 1.025021e-05, 0.01, 0.00
20.890, 6.964362e-06, 1.025021e-05, 0.01, 0.00
20.895, 6.964362e-06, 1.025021e-05, 0.01, 0.00
20.900, 6.964362e-06, 1.025021e-05, 0.01, 0.00
20.905, 6.964362e-06, 1.025021e-05, 0.01, 0.00
20.910, 6.964362e-06, 1.025021e-05, 0.01, 0.00
20.915, 6.964362e-06, 1.025021e-05, 0.01, 0.00
20.920, 6.964362e-06, 1.025021e-05, 0.01, 0.00
20.925, 6.964362e-06, 1.025021e-05, 0.01, 0.00
20.930, 6.964362e-06, 1.025021e-05, 0.01, 0.00
20.935, 6.964362e-06, 1.025021e-05, 0.01, 0.00
20.940, 6.964362e-06, 1.025021e-05, 0.01, 0.00
20.945, 6.964362e-06, 1.025021e-05, 0.01, 0.00
20.950, 6.964362e-06, 1.025021e-05, 0.01, 0.00
20.955, 6.964362e-06, 1.025021e-05, 0.01, 0.00
20.960, 6.964362e-06, 1.025021e-05, 0.01, 0.00
20.965, 6.964362e-06, 1.025021e-05, 0.01, 0.00
20.970, 6.964362e-06, 1.025021e-05, 0.01, 0.00
20.975, 6.964362e-06, 1.025021e-05, 0.01, 0.00
20.980, 6.964362e-06, 1.025021e-05, 0.01, 0.00
20.985, 6.964362e-06, 1.025021e-05, 0.01, 0.00
20.990, 6.964362e-06, 1.025021e-05, 0.01, 0.00
20.995, 6.964362e-06, 1.025021e-05, 0.01, 0.00
21.000, 6.964362e-06, 1.025021e-05, 0.01, 0.00
21.005, 6.964362e-06, 1.025021e-05, 0.01, 0.00
21.010, 6.964362e-06, 1.025021e-05, 0.01, 0.00
21.015, 6.964362e-06, 1.025021e-05, 0.01, 0.00
21.020, 6.964362e-06, 1.025021e-05, 0.01, 0.00
21.025, 6.964362e-06, 1.025021e-05, 0.01, 0.00
21.030, 6.964362e-06, 1.025021e-05, 0.01, 0.00
21.035, 6.964362e-06, 1.025021e-05, 0.01, 0.00
21.040, 6.964362e-06, 1.025021e-05, 0.01, 0.00
21.045, 6.964362e-06, 1.025021e-05, 0.01, 0.00
21.050, 6.964362e-06, 1.025021e-05, 0.01, 0.00
21.055, 6.964362e-06, 1.025021e-05, 0.01, 0.00
21.060, 6.964362e-06, 1.025021e-05, 0.01, 0.00
21.065, 6.964362e-06, 1.025021e-05, 0.01, 0.00
21.070, 6.964362e-06, 1.025021e-05, 0.01, 0.00
21.075, 6.964362e-06, 1.025021e-05, 0.01, 0.00
21.080, 6.964362e-06, 1.025021e-05, 0.01, 0.00
21.085, 6.964362e-06, 1.025021e-05, 0.01, 0.00
21.090, 6.964362e-06, 1.025021e-05, 0.01, 0.00
21.095, 6.964362e-06, 1.025021e-05, 0.01, 0.00
21.100, 6.964362e-06, 1.025021e-05, 0.01, 0.00
21.105, 6.964362e-06, 1.025021e-05, 0.01, 0.00
21.110, 6.964362e-06, 1.025021e-05, 0.01, 0.00
21.115, 6.964362e-06, 1.025021e-05, 0.01, 0.00
21.120, 6.964362e-06, 1.025021e-05, 0.01, 0.00
21.125, 6.964362e-06, 1.025021e-05, 0.01, 0.00
21.130, 6.964362e-06, 1.025021e-05, 0.01, 0.00
21.135, 6.964362e-06, 1.025021e-05, 0.01, 0.00
21.140, 6.964362e-06, 1.025021e-05, 0.01, 0.00
21.145, 6.964362e-06, 1.025021e-05, 0.01, 0.00
21.150, 6.964362e-06, 1.025021e-05, 0.01, 0.00
21.155, 6.964362e-06, 1.025021e-05, 0.01, 0.00
21.160, 6.964362e-06, 1.025021e-05, 0.01, 0.00
21.165, 6.964362e-06, 1.025021e-05, 0.01, 0.00
21.170, 6.964362e-06, 1.025021e-05, 0.01, 0.00
21.175, 6.964362e-06, 1.025021e-05, 0.01, 0.00
21.180, 6.964362e-06, 1.025021e-05, 0.01, 0.00
21.185, 6.964362e-06, 1.025021e-05, 0.01, 0.00
21.190, 6.964362e-06, 1.025021e-05, 0.01, 0.00
21.195, 6.964362e-06, 1.025021e-05, 0.01, 0.00
21.200, 6.964362e-06, 1.025021e-05, 0.01, 0.00
21.205, 6.964362e-06, 1.025021e-05, 0.01, 0.00
21.210, 6.964362e-06, 1.025021e-05, 0.01, 0.00
21.215, 6.964362e-06, 1.025021e-05, 0.01, 0.00
21.220, 6.964362e-06, 1.025021e-05, 0.01, 0.00
21.225, 6.964362e-06, 1.025021e-05, 0.01, 0.00
21.230, 6.964362e-06, 1.025021e-05, 0.01, 0.00
21.235, 6.964362e-06, 1.025021e-05, 0.01, 0.00
21.240, 6.964362e-06, 1.025021e-05, 0.01, 0.00
21.245, 6.964362e-06, 1.025021e-05, 0.01, 0.00
21.250, 6.964362e-06, 1.025021e-05, 0.01, 0.00
21.255, 6.964362e-06, 1.025021e-05, 0.01, 0.00
21.260, 6.964362e-06, 1.025021e-05, 0.01, 0.00
21.265, 6.964362e-06, 1.025021e-05, 0.01, 0.00
21.270, 6.964362e-06, 1.025021e-05, 0.01, 0.00
21.275, 6.964362e-06, 1.025021e-05, 0.01, 0.00
21.280, 6.964362e-06, 1.025021e-05, 0.01, 0.00
21.285, 6.964362e-06, 1.025021e-05, 0.01, 0.00
21.290, 6.964362e-06, 1.025021e-05, 0.01, 0.00
21.295, 6.964362e-06, 1.025021e-05, 0.01, 0.00
21.300, 6.964362e-06, 1.025021e-05, 0.01, 0.00
21.305, 6.964362e-06, 1.025021e-05, 0.01, 0.00
21.310, 6.964362e-06, 1.025021e-05, 0.01, 0.00
21.315, 6.964362e-06, 1.025021e-05, 0.01, 0.00
21.320, 6.964362e-06, 1.025021e-05, 0.01, 0.00
21.325, 6.964362e-06, 1.025021e-05, 0.01, 0.00
21.330, 6.964362e-06, 1.025021e-05, 0.01, 0.00
21.335, 6.964362e-06, 1.025021e-05, 0.01, 0.00
21.340, 6.964362e-06, 1.025021e-05, 0.01, 0.00
21.345, 6.964362e-06, 1.025021e-05, 0.01, 0.00
21.350, 6.964362e-06, 1.025021e-05, 0.01, 0.00
21.355, 6.964362e-06, 1.025021e-05, 0.01, 0.00
21.360, 6.964362e-06, 1.025021e-05, 0.01, 0.00
21.365, 6.964362e-06, 1.025021e-05, 0.01, 0.00
21.370, 6.964362e-06, 1.025021e-05, 0.01, 0.00
21.375, 6.964362e-06, 1.025021e-05, 0.01, 0.00
21.380, 6.964362e-06, 1.025021e-05, 0.01, 0.00
21.385, 6.964362e-06, 1.025021e-05, 0.01, 0.00
21.390, 6.964362e-06, 1.025021e-05, 0.01, 0.00
21.395, 6.964362e-06, 1.025021e-05, 0.01, 0.00
21.400, 6.964362e-06, 1.025021e-05, 0.01, 0.00
21.405, 6.964362e-06, 1.025021e-05, 0.01, 0.00
21.410, 6.964362e-06, 1.025021e-05, 0.01, 0.00
21.415, 6.964362e-06, 1.025021e-05, 0.01, 0.00
21.420, 6.964362e-06, 1.025021e-05, 0.01, 0.00
21.425, 6.964362e-06, 1.025021e-05, 0.01, 0.00
21.430, 6.964362e-06, 1.025021e-05, 0.01, 0.00
21.435, 6.964362e-06, 1.025021e-05, 0.01, 0.00
21.440, 6.964362e-06, 1.025021e-05, 0.01, 0.00
21.445, 6.964362e-06, 1.025021e-05, 0.01, 0.00
21.450, 6.964362e-06, 1.025021e-05, 0.01, 0.00
21.455, 6.964362e-06, 1.025021e-05, 0.01, 0.00
21.460, 6.964362e-06, 1.025021e-05, 0.01, 0.00
21.465, 6.964362e-06, 1.025021e-05, 0.01, 0.00
21.470, 6.964362e-06, 1.025021e-05, 0.01, 0.00
21.475, 6.964362e-06, 1.025021e-05, 0.01, 0.00
21.480, 6.964362e-06, 1.025021e-05, 0.01, 0.00
21.485, 6.964362e-06, 1.025021e-05, 0.01, 0.00
21.490, 6.964362e-06, 1.025021e-05, 0.01, 0.00
21.495, 6.964362e-06, 1.025021e-05, 0.01, 0.00
21.500, 6.964362e-06, 1.025021e-05, 0.01, 0.00
21.505, 6.964362e-06, 1.025021e-05, 0.01, 0.00
21.510, 6.964362e-06, 1.025021e-05, 0.01, 0.00
21.515, 6.964362e-06, 1.025021e-05, 0.01, 0.00
21.520, 6.964362e-06, 1.025021e-05, 0.01, 0.00
21.525, 6.964362e-06, 1.025021e-05, 0.01, 0.00
21.530, 6.964362e-06, 1.025021e-05, 0.01, 0.00
21.535, 6.964362e-06, 1.025021e-05, 0.01, 0.00
21.540, 6.964362e-06, 1.025021e-05, 0.01, 0.00
21.545, 6.964362e-06, 1.025021e-05, 0.01, 0.00
21.550, 6.964362e-06, 1.025021e-05, 0.01, 0.00
21.555, 6.964362e-06, 1.025021e-05, 0.01, 0.00
21.560, 6.964362e-06, 1.025021e-05, 0.01, 0.00
21.565, 6.964362e-06, 1.025021e-05, 0.01, 0.00
21.570, 6.964362e-06, 1.025021e-05, 0.01, 0.00
21.575, 6.964362e-06, 1.025021e-05, 0.01, 0.00
21.580, 6.964362e-06, 1.025021e-05, 0.01, 0.00
21.585, 6.964362e-06, 1.025021e-05, 0.01, 0.00
21.590, 6.964362e-06, 1.025021e-05, 0.01, 0.00
21.595, 6.964362e-06, 1.025021e-05, 0.01, 0.00
21.600, 6.964362e-06, 1.025021e-05, 0.01, 0.00
21.605, 6.964362e-06, 1.025021e-05, 0.01, 0.00
21.610, 6.964362e-06, 1.025021e-05, 0.01, 0.00
21.615, 6.964362e-06, 1.025021e-05, 0.01, 0.00
21.620, 6.964362e-06, 1.025021e-05, 0.01, 0.00
21.625, 6.964362e-06, 1.025021e-05, 0.01, 0.00
21.630, 6.964362e-06, 1.025021e-05, 0.01, 0.00
21.635, 6.964362e-06, 1.025021e-05, 0.01, 0.00
21.640, 6.964362e-06, 1.025021e-05, 0.01, 0.00
21.645, 6.964362e-06, 1.025021e-05, 0.01, 0.00
21.650, 6.964362e-06, 1.025021e-05, 0.01, 0.00
21.655, 6.964362e-06, 1.025021e-05, 0.01, 0.00
21.660, 6.964362e-06, 1.025021e-05, 0.01, 0.00
21.665, 6.964362e-06, 1.025021e-05, 0.01, 0.00
21.670, 6.964362e-06, 1.025021e-05, 0.01, 0.00
21.675, 6.964362e-06, 1.025021e-05, 0.01, 0.00
21.680, 6.964362e-06, 1.025021e-05, 0.01, 0.00
21.685, 6.964362e-06, 1.025021e-05, 0.01, 0.00
21.690, 6.964362e-06, 1.025021e-05, 0.01, 0.00
21.695, 6.964362e-06, 1.025021e-05, 0.01, 0.00
21.700, 6.964362e-06, 1.025021e-05, 0.01, 0.00
21.705, 6.964362e-06, 1.025021e-05, 0.01, 0.00
21.710, 6.964362e-06, 1.025021e-05, 0.01, 0.00
21.715, 6.964362e-06, 1.025021e-05, 0.01, 0.00
21.720, 6.964362e-06, 1.025021e-05, 0.01, 0.00
21.725, 6.964362e-06, 1.025021e-05, 0.01, 0.00
21.730, 6.964362e-06, 1.025021e-05, 0.01, 0.00
21.735, 6.964362e-06, 1.025021e-05, 0.01, 0.00
21.740, 6.964362e-06, 1.025021e-05, 0.01, 0.00
21.745, 6.964362e-06, 1.025021e-05, 0.01, 0.00
21.750, 6.964362e-06, 1.025021e-05, 0.01, 0.00
21.755, 6.964362e-06, 1.025021e-05, 0.01, 0.00
21.760, 6.964362e-06, 1.025021e-05, 0.01, 0.00
21.765, 6.964362e-06, 1.025021e-05, 0.01, 0.00
21.770, 6.964362e-06, 1.025021e-05, 0.01, 0.00
21.775, 6.964362e-06, 1.025021e-05, 0.01, 0.00
21.780, 6.964362e-06, 1.025021e-05, 0.01, 0.00
21.785, 6.964362e-06, 1.025021e-05, 0.01, 0.00
21.790, 6.964362e-06, 1.025021e-05, 0.01, 0.00
21.795, 6.964362e-06, 1.025021e-05, 0.01, 0.00
21.800, 6.964362e-06, 1.025021e-05, 0.01, 0.00
21.805, 6.964362e-06, 1.025021e-05, 0.01, 0.00
21.810, 6.964362e-06, 1.025021e-05, 0.01, 0.00
21.815, 6.964362e-06, 1.025021e-05, 0.01, 0.00
21.820, 6.964362e-06, 1.025021e-05, 0.01, 0.00
21.825, 6.964362e-06, 1.025021e-05, 0.01, 0.00
21.830, 6.964362e-06, 1.025021e-05, 0.01, 0.00
21.835, 6.964362e-06, 1.025021e-05, 0.01, 0.00
21.840, 6.964362e-06, 1.025021e-05, 0.01, 0.00
21.845, 6.964362e-06, 1.025021e-05, 0.01, 0.00
21.850, 6.964362e-06, 1.025021e-05, 0.01, 0.00
21.855, 6.964362e-06, 1.025021e-05, 0.01, 0.00
21.860, 6.964362e-06, 1.025021e-05, 0.01, 0.00
21.865, 6.964362e-06, 1.025021e-05, 0.01, 0.00
21.870, 6.964362e-06, 1.025021e-05, 0.01, 0.00
21.875, 6.964362e-06, 1.025021e-05, 0.01, 0.00
21.880, 6.964362e-06, 1.025021e-05, 0.01, 0.00
21.885, 6.964362e-06, 1.025021e-05, 0.01, 0.00
21.890, 6.964362e-06, 1.025021e-05, 0.01, 0.00
21.895, 6.964362e-06, 1.025021e-05, 0.01, 0.00
21.900, 6.964362e-06, 1.025021e-05, 0.01, 0.00
21.905, 6.964362e-06, 1.025021e-05, 0.01, 0.00
21.910, 6.964362e-06, 1.025021e-05, 0.01, 0.00
21.915, 6.964362e-06, 1.025021e-05, 0.01, 0.00
21.920, 6.964362e-06, 1.025021e-05, 0.01, 0.00
21.925, 6.964362e-06, 1.025021e-05, 0.01, 0.00
21.930, 6.964362e-06, 1.025021e-05, 0.01, 0.00
21.935, 6.964362e-06, 1.025021e-05, 0.01, 0.00
21.940, 6.964362e-06, 1.025021e-05, 0.01, 0.00
21.945, 6.964362e-06, 1.025021e-05, 0.01, 0.00
21.950, 6.964362e-06, 1.025021e-05, 0.01, 0.00
21.955, 6.964362e-06, 1.025021e-05, 0.01, 0.00
21.960, 6.964362e-06, 1.025021e-05, 0.01, 0.00
21.965, 6.964362e-06, 1.025021e-05, 0.01, 0.00
21.970, 6.964362e-06, 1.025021e-05, 0.01, 0.00
21.975, 6.964362e-06, 1.025021e-05, 0.01, 0.00
21.980, 6.964362e-06, 1.025021e-05, 0.01, 0.00
21.985, 6.964362e-06, 1.025021e-05, 0.01, 0.00
21.990, 6.964362e-06, 1.025021e-05, 0.01, 0.00
21.995, 6.964362e-06, 1.025021e-05, 0.01, 0.00
22.000, 6.964362e-06, 1.025021e-05, 0.01, 0.00
22.005, 6.964362e-06, 1.025021e-05, 0.01, 0.00
22.010, 6.964362e-06, 1.025021e-05, 0.01, 0.00
22.015, 6.964362e-06, 1.025021e-05, 0.01, 0.00
22.020, 6.964362e-06, 1.025021e-05, 0.01, 0.00
22.025, 6.964362e-06, 1.025021e-05, 0.01, 0.00
22.030, 6.964362e-06, 1.025021e-05, 0.01, 0.00
22.035, 6.964362e-06, 1.025021e-05, 0.01, 0.00
22.040, 6.964362e-06, 1.025021e-05, 0.01, 0.00
22.045, 6.964362e-06, 1.025021e-05, 0.01, 0.00
22.050, 6.964362e-06, 1.025021e-05, 0.01, 0.00
22.055, 6.964362e-06, 1.025021e-05, 0.01, 0.00
22.060, 6.964362e-06, 1.025021e-05, 0.01, 0.00
22.065, 6.964362e-06, 1.025021e-05, 0.01, 0.00
22.070, 6.964362e-06, 1.025021e-05, 0.01, 0.00
22.075, 6.964362e-06, 1.025021e-05, 0.01, 0.00
22.080, 6.964362e-06, 1.025021e-05, 0.01, 0.00
22.085, 6.964362e-06, 1.025021e-05, 0.01, 0.00
22.090, 6.964362e-06, 1.025021e-05, 0.01, 0.00
22.095, 6.964362e-06, 1.025021e-05, 0.01, 0.00
22.100, 6.964362e-06, 1.025021e-05, 0.01, 0.00
22.105, 6.964362e-06, 1.025021e-05, 0.01, 0.00
22.110, 6.964362e-06, 1.025021e-05, 0.01, 0.00
22.115, 6.964362e-06, 1.025021e-05, 0.01, 0.00
22.120, 6.964362e-06, 1.025021e-05, 0.01, 0.00
22.125, 6.964362e-06, 1.025021e-05, 0.01, 0.00
22.130, 6.964362e-06, 1.025021e-05, 0.01, 0.00
22.135, 6.964362e-06, 1.025021e-05, 0.01, 0.00
22.140, 6.964362e-06, 1.025021e-05, 0.01, 0.00
22.145, 6.964362e-06, 1.025021e-05, 0.01, 0.00
22.150, 6.964362e-06, 1.025021e-05, 0.01, 0.00
22.155, 6.964362e-06, 1.025021e-05, 0.01, 0.00
22.160, 6.964362e-06, 1.025021e-05, 0.01, 0.00
22.165, 6.964362e-06, 1.025021e-05, 0.01, 0.00
22.170, 6.964362e-06, 1.025021e-05, 0.01, 0.00
22.175, 6.964362e-06, 1.025021e-05, 0.01, 0.00
22.180, 6.964362e-06, 1.025021e-05, 0.01, 0.00
22.185, 6.964362e-06, 1.025021e-05, 0.01, 0.00
22.190, 6.964362e-06, 1.025021e-05, 0.01, 0.00
22.195, 6.964362e-06, 1.025021e-05, 0.01, 0.00
22.200, 6.964362e-06, 1.025021e-05, 0.01, 0.00
22.205, 6.964362e-06, 1.025021e-05, 0.01, 0.00
